1633733599.457131,0
1633733599.565965,6
1633733599.674769,15
1633733599.786440,23
1633733599.896097,31
1633733600.007767,37
1633733600.118569,45
1633733600.230672,55
1633733600.343682,62
1633733600.455909,71
1633733600.567694,78
1633733600.677151,87
1633733600.786434,93
1633733600.895676,98
1633733601.004124,99
1633733601.112162,100
1633733601.222919,100
1633733601.335235,97
1633733601.445619,100
1633733601.556128,99
1633733601.670023,99
1633733601.782816,98
1633733601.892575,100
1633733602.003093,99
1633733602.112275,99
1633733602.223374,99
1633733602.333860,99
1633733602.446312,98
1633733602.557077,99
1633733602.666724,97
1633733602.776489,97
1633733602.886668,97
1633733602.996373,97
1633733603.106849,97
1633733603.217138,99
1633733603.329439,100
1633733603.440145,100
1633733603.549421,100
1633733603.660725,100
1633733603.775305,99
1633733603.885793,99
1633733603.996554,97
1633733604.109496,95
1633733604.218197,96
1633733604.327597,93
1633733604.436294,86
1633733604.546695,99
1633733604.655823,99
1633733604.765875,92
1633733604.874955,77
1633733604.983206,66
1633733605.093262,60
1633733605.202896,61
1633733605.312398,62
1633733605.421275,60
1633733605.531419,68
1633733605.641033,79
1633733605.749698,90
1633733605.858716,98
1633733605.968342,99
1633733606.077224,99
1633733606.187825,100
1633733606.298943,95
1633733606.408498,85
1633733606.518240,73
1633733606.630548,73
1633733606.741715,73
1633733606.851856,71
1633733606.961913,69
1633733607.072395,65
1633733607.183047,64
1633733607.293363,76
1633733607.402423,78
1633733607.511554,78
1633733607.620872,75
1633733607.729996,74
1633733607.839332,74
1633733607.947677,74
1633733608.057272,77
1633733608.166817,77
1633733608.275664,75
1633733608.385130,69
1633733608.495516,63
1633733608.604968,57
1633733608.714765,53
1633733608.824489,52
1633733608.933988,58
1633733609.044904,58
1633733609.155451,57
1633733609.265388,57
1633733609.374115,57
1633733609.485120,57
1633733609.594696,52
1633733609.704955,50
1633733609.814979,50
1633733609.924407,50
1633733610.034541,51
1633733610.144234,52
1633733610.255175,51
1633733610.364182,49
1633733610.472631,49
1633733610.581792,50
1633733610.691639,50
1633733610.800490,50
1633733610.910378,50
1633733611.018769,50
1633733611.127881,49
1633733611.237231,50
1633733611.346646,51
1633733611.455975,50
1633733611.564819,50
1633733611.673747,50
1633733611.783659,50
1633733611.892407,50
1633733612.002128,50
1633733612.110913,50
1633733612.219205,50
1633733612.328782,50
1633733612.438182,50
1633733612.547234,51
1633733612.656944,51
1633733612.767109,51
1633733612.876566,51
1633733612.986471,51
1633733613.095781,51
1633733613.205115,51
1633733613.314786,51
1633733613.423933,58
1633733613.533144,58
1633733613.644055,58
1633733613.754202,58
1633733613.866524,58
1633733613.976743,58
1633733614.087658,57
1633733614.197937,53
1633733614.307558,53
1633733614.425055,53
1633733614.540937,54
1633733614.650080,52
1633733614.760745,52
1633733614.870812,52
1633733614.980119,51
1633733615.090235,51
1633733615.200048,51
1633733615.309057,51
1633733615.418465,51
1633733615.528282,51
1633733615.638160,51
1633733615.747272,51
1633733615.856786,51
1633733615.966906,51
1633733616.075512,51
1633733616.186610,51
1633733616.295976,51
1633733616.405496,53
1633733616.514759,52
1633733616.624757,52
1633733616.734723,52
1633733616.844416,52
1633733616.954020,52
1633733617.063514,52
1633733617.173006,52
1633733617.282501,53
1633733617.392352,53
1633733617.501694,53
1633733617.611247,53
1633733617.719737,55
1633733617.828740,54
1633733617.938134,53
1633733618.046506,60
1633733618.155450,59
1633733618.265584,59
1633733618.374860,60
1633733618.485208,60
1633733618.594760,59
1633733618.703766,59
1633733618.813317,54
1633733618.921720,53
1633733619.034681,54
1633733619.144784,54
1633733619.255473,55
1633733619.365256,54
1633733619.474689,54
1633733619.584966,52
1633733619.694356,53
1633733619.803736,53
1633733619.914902,53
1633733620.025112,53
1633733620.135226,54
1633733620.244790,54
1633733620.353649,54
1633733620.462403,54
1633733620.571184,54
1633733620.680416,54
1633733620.789269,53
1633733620.898844,53
1633733621.008283,53
1633733621.117684,53
1633733621.226455,53
1633733621.335827,54
1633733621.444713,54
1633733621.553507,54
1633733621.662357,54
1633733621.772057,54
1633733621.883830,55
1633733621.993402,55
1633733622.101793,54
1633733622.210868,54
1633733622.320788,54
1633733622.430391,54
1633733622.539652,55
1633733622.649085,60
1633733622.758577,61
1633733622.867266,61
1633733622.976860,62
1633733623.085692,62
1633733623.195744,62
1633733623.305397,62
1633733623.418189,58
1633733623.528854,56
1633733623.644075,56
1633733623.759574,56
1633733623.875195,57
1633733623.987766,57
1633733624.099363,56
1633733624.214616,56
1633733624.324416,55
1633733624.436753,55
1633733624.552175,54
1633733624.661882,54
1633733624.772471,54
1633733624.882587,54
1633733624.991900,54
1633733625.102199,55
1633733625.212735,55
1633733625.325991,55
1633733625.435953,55
1633733625.545307,55
1633733625.660748,55
1633733625.775420,54
1633733625.889199,55
1633733626.002381,54
1633733626.114822,54
1633733626.228938,56
1633733626.343570,56
1633733626.456068,56
1633733626.569622,57
1633733626.683744,57
1633733626.793993,56
1633733626.903751,56
1633733627.013984,56
1633733627.124905,57
1633733627.234189,56
1633733627.343529,62
1633733627.457816,62
1633733627.572150,63
1633733627.682384,63
1633733627.792761,64
1633733627.902522,63
1633733628.012651,63
1633733628.123346,60
1633733628.232822,57
1633733628.341957,57
1633733628.455010,57
1633733628.565029,57
1633733628.674751,57
1633733628.784519,57
1633733628.894542,58
1633733629.006233,56
1633733629.118206,56
1633733629.229136,56
1633733629.340756,56
1633733629.454572,56
1633733629.567785,56
1633733629.684563,57
1633733629.797283,57
1633733629.909391,57
1633733630.021960,57
1633733630.135171,57
1633733630.247196,57
1633733630.359623,57
1633733630.472516,57
1633733630.582521,57
1633733630.694740,57
1633733630.804414,56
1633733630.915881,57
1633733631.025957,57
1633733631.135301,57
1633733631.244527,58
1633733631.354850,58
1633733631.465127,58
1633733631.576265,58
1633733631.684994,58
1633733631.798230,58
1633733631.910825,57
1633733632.022408,58
1633733632.135681,64
1633733632.247696,64
1633733632.358498,64
1633733632.470624,64
1633733632.584033,64
1633733632.696366,64
1633733632.809731,64
1633733632.922629,57
1633733633.035228,60
1633733633.147508,60
1633733633.259778,60
1633733633.371800,60
1633733633.485266,60
1633733633.596995,59
1633733633.708679,59
1633733633.820710,58
1633733633.932021,57
1633733634.045896,60
1633733634.159592,58
1633733634.270767,58
1633733634.383152,58
1633733634.495993,58
1633733634.607492,58
1633733634.720602,58
1633733634.833684,58
1633733634.947324,58
1633733635.060057,59
1633733635.171289,58
1633733635.283441,58
1633733635.395509,57
1633733635.507884,58
1633733635.618558,59
1633733635.728434,58
1633733635.840869,58
1633733635.954726,59
1633733636.067389,60
1633733636.178984,59
1633733636.292479,59
1633733636.404117,59
1633733636.515516,60
1633733636.628927,61
1633733636.739796,60
1633733636.851213,66
1633733636.963901,66
1633733637.076044,67
1633733637.188658,67
1633733637.302074,67
1633733637.415385,66
1633733637.527667,66
1633733637.639661,66
1633733637.753369,61
1633733637.867104,61
1633733637.979127,60
1633733638.090210,61
1633733638.202051,61
1633733638.314625,61
1633733638.426318,61
1633733638.537558,61
1633733638.648426,59
1633733638.759234,59
1633733638.871684,59
1633733638.984651,59
1633733639.097633,60
1633733639.210980,60
1633733639.323093,60
1633733639.435700,59
1633733639.547041,59
1633733639.657230,59
1633733639.770908,59
1633733639.882405,59
1633733639.994000,60
1633733640.106467,61
1633733640.218729,61
1633733640.329698,61
1633733640.441291,60
1633733640.554695,60
1633733640.666818,60
1633733640.779403,61
1633733640.890048,61
1633733641.003051,62
1633733641.114295,62
1633733641.225698,62
1633733641.338344,62
1633733641.451008,62
1633733641.563383,61
1633733641.674477,67
1633733641.786898,67
1633733641.899925,67
1633733642.012706,67
1633733642.124084,68
1633733642.234823,68
1633733642.347720,68
1633733642.459855,68
1633733642.574749,62
1633733642.684550,62
1633733642.796126,62
1633733642.909416,62
1633733643.020437,62
1633733643.133419,62
1633733643.246112,62
1633733643.358478,62
1633733643.470665,61
1633733643.583664,62
1633733643.696890,61
1633733643.806544,61
1633733643.920201,62
1633733644.033457,62
1633733644.146807,62
1633733644.257697,62
1633733644.370464,62
1633733644.482894,62
1633733644.596264,62
1633733644.709919,62
1633733644.822255,61
1633733644.932864,61
1633733645.045598,61
1633733645.157222,61
1633733645.269267,61
1633733645.380751,62
1633733645.492745,62
1633733645.605994,62
1633733645.717887,63
1633733645.830333,63
1633733645.942127,62
1633733646.055440,62
1633733646.167987,62
1633733646.280205,62
1633733646.389680,63
1633733646.502564,62
1633733646.613008,69
1633733646.724645,69
1633733646.836542,69
1633733646.949526,69
1633733647.060866,68
1633733647.173389,67
1633733647.286020,69
1633733647.398132,67
1633733647.510709,64
1633733647.624167,64
1633733647.737065,64
1633733647.847632,64
1633733647.960727,64
1633733648.072133,64
1633733648.184517,64
1633733648.296821,64
1633733648.410138,63
1633733648.521768,63
1633733648.635036,63
1633733648.745486,63
1633733648.857702,63
1633733648.970764,63
1633733649.082669,63
1633733649.194429,63
1633733649.305868,64
1633733649.418195,62
1633733649.529623,64
1633733649.640877,63
1633733649.754068,63
1633733649.865545,63
1633733649.977226,63
1633733650.089937,63
1633733650.203314,63
1633733650.316274,62
1633733650.428703,62
1633733650.541966,64
1633733650.654962,64
1633733650.768159,64
1633733650.880813,64
1633733650.992127,65
1633733651.103867,65
1633733651.215901,65
1633733651.328491,64
1633733651.439994,70
1633733651.551552,71
1633733651.663191,71
1633733651.774713,71
1633733651.886659,71
1633733651.998687,72
1633733652.110668,71
1633733652.222051,71
1633733652.335832,71
1633733652.447259,65
1633733652.558395,66
1633733652.671876,66
1633733652.784830,66
1633733652.897122,66
1633733653.007876,66
1633733653.132718,65
1633733653.247624,65
1633733653.359374,63
1633733653.472336,64
1633733653.585583,64
1633733653.697683,65
1633733653.810554,64
1633733653.922700,64
1633733654.035303,64
1633733654.146819,64
1633733654.258957,64
1633733654.372216,64
1633733654.485782,64
1633733654.596733,64
1633733654.710265,64
1633733654.822689,65
1633733654.935837,65
1633733655.047931,65
1633733655.160644,65
1633733655.273333,64
1633733655.386281,65
1633733655.497897,66
1633733655.609833,66
1633733655.722639,66
1633733655.833981,66
1633733655.947024,66
1633733656.059610,66
1633733656.172825,66
1633733656.285023,66
1633733656.397224,66
1633733656.509883,72
1633733656.622087,72
1633733656.734704,72
1633733656.847430,72
1633733656.959258,73
1633733657.070905,72
1633733657.181337,72
1633733657.293710,72
1633733657.405845,66
1633733657.518378,67
1633733657.630823,67
1633733657.744519,67
1633733657.856505,67
1633733657.967827,67
1633733658.080911,66
1633733658.193707,66
1633733658.304128,66
1633733658.416650,65
1633733658.529596,66
1633733658.642238,66
1633733658.753884,66
1633733658.866797,66
1633733658.979691,66
1633733659.093014,66
1633733659.203504,66
1633733659.316909,66
1633733659.428832,66
1633733659.541469,67
1633733659.654177,67
1633733659.766853,66
1633733659.880228,66
1633733659.994101,66
1633733660.106387,66
1633733660.219422,66
1633733660.331149,66
1633733660.442792,66
1633733660.555722,68
1633733660.668354,68
1633733660.778638,67
1633733660.891045,67
1633733661.003499,67
1633733661.114992,67
1633733661.227488,67
1633733661.339827,67
1633733661.452634,73
1633733661.564843,75
1633733661.676952,74
1633733661.787923,74
1633733661.900696,73
1633733662.013961,73
1633733662.124942,73
1633733662.237059,73
1633733662.348933,72
1633733662.460844,67
1633733662.570446,69
1633733662.683660,69
1633733662.795479,69
1633733662.907602,70
1633733663.021086,68
1633733663.132158,69
1633733663.244535,69
1633733663.358313,69
1633733663.470488,67
1633733663.583283,68
1633733663.695409,68
1633733663.806691,68
1633733663.918202,68
1633733664.030673,67
1633733664.143856,67
1633733664.255719,67
1633733664.367033,67
1633733664.481012,67
1633733664.592025,68
1633733664.703718,68
1633733664.813487,68
1633733664.925366,68
1633733665.038563,67
1633733665.151246,67
1633733665.264520,67
1633733665.377107,67
1633733665.489997,68
1633733665.603151,69
1633733665.716064,69
1633733665.827495,69
1633733665.940250,69
1633733666.053073,68
1633733666.166990,68
1633733666.278711,68
1633733666.390962,68
1633733666.503037,74
1633733666.615715,76
1633733666.728084,76
1633733666.841189,76
1633733666.952427,75
1633733667.063358,76
1633733667.173717,75
1633733667.286884,75
1633733667.395888,75
1633733667.508732,70
1633733667.620896,71
1633733667.735210,70
1633733667.846788,70
1633733667.959106,70
1633733668.070991,70
1633733668.183059,70
1633733668.296181,70
1633733668.406796,70
1633733668.518046,68
1633733668.630224,68
1633733668.741287,69
1633733668.853963,69
1633733668.966916,69
1633733669.080236,69
1633733669.193060,69
1633733669.304978,68
1633733669.416028,68
1633733669.527638,68
1633733669.640700,68
1633733669.751883,70
1633733669.863941,69
1633733669.976622,69
1633733670.089838,69
1633733670.201055,69
1633733670.313013,68
1633733670.424887,68
1633733670.536440,69
1633733670.648507,70
1633733670.761449,70
1633733670.873501,71
1633733670.984768,72
1633733671.095753,71
1633733671.207580,71
1633733671.319484,71
1633733671.431892,70
1633733671.543717,73
1633733671.655789,73
1633733671.767607,73
1633733671.877417,73
1633733671.987928,73
1633733672.098878,74
1633733672.211654,74
1633733672.323704,74
1633733672.435305,75
1633733672.545843,71
1633733672.657099,71
1633733672.769155,71
1633733672.880524,70
1633733672.992036,70
1633733673.103413,70
1633733673.212982,70
1633733673.323370,70
1633733673.433133,71
1633733673.547025,71
1633733673.656728,72
1633733673.767533,72
1633733673.876721,73
1633733673.986930,72
1633733674.096583,72
1633733674.206709,72
1633733674.318616,72
1633733674.430266,71
1633733674.542104,72
1633733674.651948,72
1633733674.762282,73
1633733674.873427,73
1633733674.983835,74
1633733675.094237,73
1633733675.203497,73
1633733675.313629,73
1633733675.422925,73
1633733675.534205,73
1633733675.644108,71
1633733675.755174,72
1633733675.864110,72
1633733675.974544,72
1633733676.084730,72
1633733676.195221,72
1633733676.306699,73
1633733676.417325,73
1633733676.527923,72
1633733676.638073,71
1633733676.748227,70
1633733676.858420,71
1633733676.968260,72
1633733677.078523,71
1633733677.188563,71
1633733677.299162,71
1633733677.409049,71
1633733677.519799,71
1633733677.628898,71
1633733677.739454,71
1633733677.850015,70
1633733677.961665,72
1633733678.072333,72
1633733678.182666,71
1633733678.293815,71
1633733678.403968,71
1633733678.514153,71
1633733678.622991,71
1633733678.732213,72
1633733678.842750,72
1633733678.952913,73
1633733679.061916,73
1633733679.172673,73
1633733679.283290,73
1633733679.392168,73
1633733679.501556,73
1633733679.610610,73
1633733679.719086,80
1633733679.828084,80
1633733679.937093,80
1633733680.046348,80
1633733680.155806,80
1633733680.265377,80
1633733680.374951,80
1633733680.483956,81
1633733680.593622,80
1633733680.703028,78
1633733680.813226,74
1633733680.923172,74
1633733681.031929,74
1633733681.141605,74
1633733681.251658,73
1633733681.360917,73
1633733681.469838,73
1633733681.579634,73
1633733681.688791,74
1633733681.798410,72
1633733681.908380,72
1633733682.018330,72
1633733682.127925,72
1633733682.237415,72
1633733682.347684,72
1633733682.457342,72
1633733682.566815,72
1633733682.676718,72
1633733682.787192,72
1633733682.902716,72
1633733683.013299,73
1633733683.122862,73
1633733683.232777,73
1633733683.342745,74
1633733683.452946,73
1633733683.562627,73
1633733683.675235,73
1633733683.784361,73
1633733683.895418,75
1633733684.005481,74
1633733684.115706,74
1633733684.225746,74
1633733684.336409,75
1633733684.446294,76
1633733684.555788,74
1633733684.665643,74
1633733684.776356,74
1633733684.885851,78
1633733684.996212,77
1633733685.107093,77
1633733685.217325,77
1633733685.327984,77
1633733685.438682,78
1633733685.548262,78
1633733685.658320,78
1633733685.770227,77
1633733685.880339,74
1633733685.989571,74
1633733686.098239,74
1633733686.209149,74
1633733686.319923,74
1633733686.429688,75
1633733686.541334,75
1633733686.652276,75
1633733686.766598,75
1633733686.876324,74
1633733686.987335,75
1633733687.098040,75
1633733687.211243,75
1633733687.320406,75
1633733687.430700,76
1633733687.544344,76
1633733687.654867,77
1633733687.764224,77
1633733687.873265,77
1633733687.984591,77
1633733688.097286,77
1633733688.208784,76
1633733688.321538,76
1633733688.431694,76
1633733688.541831,76
1633733688.651243,76
1633733688.760985,76
1633733688.870709,76
1633733688.980801,77
1633733689.090605,77
1633733689.200473,76
1633733689.314029,75
1633733689.425836,76
1633733689.538792,75
1633733689.649531,75
1633733689.762056,75
1633733689.872599,75
1633733689.982271,75
1633733690.093820,76
1633733690.202678,76
1633733690.312538,75
1633733690.422451,75
1633733690.531468,75
1633733690.640708,74
1633733690.754996,74
1633733690.863452,74
1633733690.973475,74
1633733691.081977,75
1633733691.191338,74
1633733691.301516,75
1633733691.411734,75
1633733691.521036,75
1633733691.629659,75
1633733691.739720,74
1633733691.847727,75
1633733691.957119,75
1633733692.067207,75
1633733692.183495,75
1633733692.293870,76
1633733692.404136,76
1633733692.516728,77
1633733692.626685,77
1633733692.735607,77
1633733692.844895,77
1633733692.953897,77
1633733693.063683,77
1633733693.180797,76
1633733693.294742,79
1633733693.408822,79
1633733693.521778,80
1633733693.632780,80
1633733693.753566,80
1633733693.862742,80
1633733693.972386,81
1633733694.081681,79
1633733694.191217,79
1633733694.305178,77
1633733694.417641,76
1633733694.531798,77
1633733694.647165,77
1633733694.757802,77
1633733694.869385,77
1633733694.983722,77
1633733695.096421,77
1633733695.209744,76
1633733695.321410,77
1633733695.431414,76
1633733695.541347,77
1633733695.651052,77
1633733695.760088,79
1633733695.868907,78
1633733695.979114,78
1633733696.089682,78
1633733696.199378,79
1633733696.312556,78
1633733696.423190,79
1633733696.532449,78
1633733696.644639,78
1633733696.755180,78
1633733696.868056,78
1633733696.979633,79
1633733697.090275,80
1633733697.199432,79
1633733697.309394,80
1633733697.419706,79
1633733697.532588,79
1633733697.643347,79
1633733697.752759,78
1633733697.863800,77
1633733697.975053,77
1633733698.085262,77
1633733698.195353,78
1633733698.307051,78
1633733698.417416,78
1633733698.526840,78
1633733698.636188,78
1633733698.746364,78
1633733698.859187,77
1633733698.968055,78
1633733699.077080,76
1633733699.186854,76
1633733699.296978,76
1633733699.409959,77
1633733699.520182,78
1633733699.631687,77
1633733699.740810,77
1633733699.851286,77
1633733699.961226,77
1633733700.071293,77
1633733700.179880,76
1633733700.289053,76
1633733700.399993,76
1633733700.509707,76
1633733700.619023,76
1633733700.729030,77
1633733700.841624,78
1633733700.951009,79
1633733701.061459,79
1633733701.171613,79
1633733701.283541,79
1633733701.394036,79
1633733701.503535,78
1633733701.613151,80
1633733701.722651,78
1633733701.834856,80
1633733701.944823,85
1633733702.056342,85
1633733702.165355,86
1633733702.275274,86
1633733702.386704,86
1633733702.500109,86
1633733702.609067,86
1633733702.718219,86
1633733702.827330,86
1633733702.936451,85
1633733703.044756,79
1633733703.156234,79
1633733703.270781,79
1633733703.383479,80
1633733703.492251,80
1633733703.602127,80
1633733703.711252,80
1633733703.820603,80
1633733703.931509,79
1633733704.041543,79
1633733704.152378,79
1633733704.262042,78
1633733704.371052,77
1633733704.480378,77
1633733704.589082,78
1633733704.699819,78
1633733704.809880,78
1633733704.918828,79
1633733705.028584,78
1633733705.137088,78
1633733705.246371,78
1633733705.355113,79
1633733705.465135,79
1633733705.575096,79
1633733705.685804,78
1633733705.795617,80
1633733705.906081,79
1633733706.015288,79
1633733706.125727,80
1633733706.235485,80
1633733706.347907,81
1633733706.461705,80
1633733706.572163,80
1633733706.683024,80
1633733706.791781,80
1633733706.900974,81
1633733707.011047,81
1633733707.121404,81
1633733707.230464,87
1633733707.340495,88
1633733707.450430,87
1633733707.562094,87
1633733707.675537,87
1633733707.784347,87
1633733707.894078,87
1633733708.004962,88
1633733708.115174,88
1633733708.224091,86
1633733708.334806,85
1633733708.447736,81
1633733708.558680,81
1633733708.670528,81
1633733708.785491,80
1633733708.900477,80
1633733709.014316,80
1633733709.127062,81
1633733709.239421,81
1633733709.352667,81
1633733709.465369,81
1633733709.576672,79
1633733709.689003,79
1633733709.802648,79
1633733709.916885,79
1633733710.030093,79
1633733710.140734,81
1633733710.253341,80
1633733710.366027,80
1633733710.477593,80
1633733710.590156,80
1633733710.700374,80
1633733710.811989,80
1633733710.922080,81
1633733711.034791,80
1633733711.144766,80
1633733711.254269,81
1633733711.365195,81
1633733711.476742,81
1633733711.587532,81
1633733711.696896,81
1633733711.809657,81
1633733711.920903,81
1633733712.034900,81
1633733712.145520,81
1633733712.256763,82
1633733712.368862,82
1633733712.481681,82
1633733712.595473,81
1633733712.707071,88
1633733712.816579,88
1633733712.925917,88
1633733713.036052,88
1633733713.144009,89
1633733713.254006,88
1633733713.369002,89
1633733713.484647,90
1633733713.597213,87
1633733713.710138,87
1633733713.822038,82
1633733713.932097,83
1633733714.041272,82
1633733714.152017,81
1633733714.264630,81
1633733714.374851,81
1633733714.486053,83
1633733714.600572,83
1633733714.713487,83
1633733714.828131,83
1633733714.939133,83
1633733715.050577,81
1633733715.160603,81
1633733715.272495,81
1633733715.384689,81
1633733715.495618,81
1633733715.606893,83
1633733715.718214,82
1633733715.829354,82
1633733715.939200,81
1633733716.051236,81
1633733716.164549,81
1633733716.275763,82
1633733716.388499,81
1633733716.498883,82
1633733716.608609,82
1633733716.718631,82
1633733716.831902,82
1633733716.944699,83
1633733717.054994,82
1633733717.164175,82
1633733717.274123,82
1633733717.384434,82
1633733717.495039,82
1633733717.605714,82
1633733717.714515,82
1633733717.824598,83
1633733717.935813,84
1633733718.044921,90
1633733718.155592,90
1633733718.266118,89
1633733718.376142,89
1633733718.486827,89
1633733718.597016,90
1633733718.707201,89
1633733718.818627,89
1633733718.928461,90
1633733719.038633,89
1633733719.148833,89
1633733719.257686,82
1633733719.368092,84
1633733719.477443,84
1633733719.587137,84
1633733719.696355,84
1633733719.807184,84
1633733719.917640,84
1633733720.027700,84
1633733720.138409,83
1633733720.249100,84
1633733720.358596,84
1633733720.469194,83
1633733720.578213,83
1633733720.689350,83
1633733720.798522,82
1633733720.908299,82
1633733721.017670,82
1633733721.126534,82
1633733721.236999,82
1633733721.346410,82
1633733721.455918,83
1633733721.565267,83
1633733721.675215,83
1633733721.784972,83
1633733721.896495,83
1633733722.006585,83
1633733722.115995,82
1633733722.225699,82
1633733722.335911,83
1633733722.445776,83
1633733722.555999,83
1633733722.665718,84
1633733722.776272,84
1633733722.885469,84
1633733722.995638,84
1633733723.105947,84
1633733723.216412,84
1633733723.327273,84
1633733723.437899,84
1633733723.549256,90
1633733723.659098,90
1633733723.769985,90
1633733723.880519,92
1633733723.990541,91
1633733724.103232,91
1633733724.215975,91
1633733724.325510,91
1633733724.439425,91
1633733724.548998,90
1633733724.663990,88
1633733724.776972,85
1633733724.897702,86
1633733725.009402,85
1633733725.120627,85
1633733725.232020,85
1633733725.341366,85
1633733725.453946,85
1633733725.569287,85
1633733725.678699,85
1633733725.790614,85
1633733725.899867,85
1633733726.009569,83
1633733726.121690,84
1633733726.232213,84
1633733726.341540,85
1633733726.453135,84
1633733726.563017,84
1633733726.676244,83
1633733726.787902,83
1633733726.898242,83
1633733727.007812,84
1633733727.119420,83
1633733727.229432,84
1633733727.339139,84
1633733727.447963,84
1633733727.559458,85
1633733727.669436,84
1633733727.779924,85
1633733727.890880,85
1633733728.000674,84
1633733728.110175,84
1633733728.221780,84
1633733728.331770,84
1633733728.441007,84
1633733728.551943,84
1633733728.663654,86
1633733728.774996,87
1633733728.884440,87
1633733728.993730,88
1633733729.103532,88
1633733729.213793,89
1633733729.327003,89
1633733729.437833,88
1633733729.548602,88
1633733729.661988,88
1633733729.771970,88
1633733729.881869,90
1633733729.994397,88
1633733730.104212,87
1633733730.213332,86
1633733730.325340,86
1633733730.435748,87
1633733730.545388,86
1633733730.658320,86
1633733730.770161,85
1633733730.880140,85
1633733730.990938,85
1633733731.102078,85
1633733731.212101,85
1633733731.323060,85
1633733731.434315,87
1633733731.544545,87
1633733731.653590,88
1633733731.764285,87
1633733731.874051,87
1633733731.983855,87
1633733732.095150,87
1633733732.204974,88
1633733732.315524,87
1633733732.427672,87
1633733732.538279,86
1633733732.661961,86
1633733732.774061,86
1633733732.884140,86
1633733732.996968,86
1633733733.107381,86
1633733733.217828,86
1633733733.329434,87
1633733733.440265,87
1633733733.552396,87
1633733733.665751,88
1633733733.777439,88
1633733733.890313,84
1633733734.003700,85
1633733734.114863,86
1633733734.228738,86
1633733734.344447,86
1633733734.457357,87
1633733734.571214,87
1633733734.682095,87
1633733734.794867,86
1633733734.904622,87
1633733735.015056,87
1633733735.127408,86
1633733735.237154,85
1633733735.346621,87
1633733735.457564,86
1633733735.568783,85
1633733735.679044,85
1633733735.790772,86
1633733735.903215,86
1633733736.013103,87
1633733736.123482,86
1633733736.234526,86
1633733736.345190,86
1633733736.455077,86
1633733736.565934,87
1633733736.676490,87
1633733736.786655,86
1633733736.899475,86
1633733737.008768,87
1633733737.118740,87
1633733737.230618,88
1633733737.340995,87
1633733737.451534,87
1633733737.563316,87
1633733737.674521,87
1633733737.784282,87
1633733737.894728,88
1633733738.004245,89
1633733738.114386,88
1633733738.225185,94
1633733738.334738,94
1633733738.443956,94
1633733738.554065,94
1633733738.664320,94
1633733738.774281,94
1633733738.915609,94
1633733739.028363,94
1633733739.139309,94
1633733739.248968,94
1633733739.358014,94
1633733739.468325,88
1633733739.579607,88
1633733739.690262,89
1633733739.803583,88
1633733739.914362,88
1633733740.027811,89
1633733740.139070,89
1633733740.248173,89
1633733740.360937,89
1633733740.471189,89
1633733740.583027,90
1633733740.696038,87
1633733740.806599,87
1633733740.917957,87
1633733741.031483,87
1633733741.144608,88
1633733741.257915,87
1633733741.371733,87
1633733741.484596,87
1633733741.599795,87
1633733741.709997,87
1633733741.820143,87
1633733741.931833,88
1633733742.042262,87
1633733742.152805,88
1633733742.266283,87
1633733742.376418,87
1633733742.487659,89
1633733742.600710,88
1633733742.712137,88
1633733742.825246,88
1633733742.936010,88
1633733743.046348,88
1633733743.159284,89
1633733743.270921,88
1633733743.382115,88
1633733743.495250,89
1633733743.607031,89
1633733743.717927,89
1633733743.831187,95
1633733743.943675,95
1633733744.055738,95
1633733744.168345,96
1633733744.278865,97
1633733744.393419,96
1633733744.504729,96
1633733744.614590,96
1633733744.725986,95
1633733744.836908,95
1633733744.947152,95
1633733745.058503,89
1633733745.169953,89
1633733745.281239,90
1633733745.394431,90
1633733745.505577,90
1633733745.616247,90
1633733745.728688,90
1633733745.841568,90
1633733745.952692,90
1633733746.066747,88
1633733746.177555,89
1633733746.288960,89
1633733746.402771,88
1633733746.512011,88
1633733746.624531,89
1633733746.736342,90
1633733746.848698,88
1633733746.960774,88
1633733747.073598,88
1633733747.184360,88
1633733747.296249,88
1633733747.407708,88
1633733747.520031,88
1633733747.632873,89
1633733747.744715,89
1633733747.855956,89
1633733747.969212,88
1633733748.080485,88
1633733748.194236,89
1633733748.305535,90
1633733748.417266,89
1633733748.531224,89
1633733748.642197,90
1633733748.753248,90
1633733748.866550,90
1633733748.978239,89
1633733749.092958,90
1633733749.204604,90
1633733749.315948,90
1633733749.430006,97
1633733749.542481,98
1633733749.654056,99
1633733749.766885,99
1633733749.877532,98
1633733749.989969,97
1633733750.103329,97
1633733750.215754,97
1633733750.327905,97
1633733750.439016,96
1633733750.550998,97
1633733750.662133,93
1633733750.774490,91
1633733750.884991,91
1633733750.995884,91
1633733751.107229,91
1633733751.218529,91
1633733751.329177,91
1633733751.437687,91
1633733751.550762,91
1633733751.661468,92
1633733751.771677,91
1633733751.884902,91
1633733751.994272,90
1633733752.103280,91
1633733752.212702,91
1633733752.322000,89
1633733752.430669,89
1633733752.540373,89
1633733752.649625,89
1633733752.759225,89
1633733752.871850,89
1633733752.981615,90
1633733753.093427,90
1633733753.204792,91
1633733753.313547,90
1633733753.425476,90
1633733753.536607,89
1633733753.648773,89
1633733753.763904,90
1633733753.874579,90
1633733753.984031,90
1633733754.095780,91
1633733754.206296,91
1633733754.315752,91
1633733754.427613,92
1633733754.539474,91
1633733754.651239,91
1633733754.768099,92
1633733754.881283,92
1633733754.996132,91
1633733755.106570,100
1633733755.217846,99
1633733755.332502,99
1633733755.442341,99
1633733755.554379,99
1633733755.665970,98
1633733755.778418,98
1633733755.888428,98
1633733755.998449,97
1633733756.110274,97
1633733756.222914,99
1633733756.334602,94
1633733756.446062,93
1633733756.562268,92
1633733756.675414,92
1633733756.786636,92
1633733756.896897,92
1633733757.007713,92
1633733757.119794,92
1633733757.232303,93
1633733757.342220,92
1633733757.454198,93
1633733757.565063,93
1633733757.677176,91
1633733757.789375,91
1633733757.901119,91
1633733758.012760,90
1633733758.125543,90
1633733758.237633,90
1633733758.348603,90
1633733758.459218,91
1633733758.569977,92
1633733758.680743,91
1633733758.792279,91
1633733758.904876,91
1633733759.014993,92
1633733759.126990,90
1633733759.238605,91
1633733759.359830,90
1633733759.469486,92
1633733759.582711,92
1633733759.695067,92
1633733759.805024,92
1633733759.918705,92
1633733760.030167,93
1633733760.143284,92
1633733760.254805,92
1633733760.367639,92
1633733760.478133,93
1633733760.589756,94
1633733760.700739,93
1633733760.812225,99
1633733760.924571,99
1633733761.036303,99
1633733761.147289,99
1633733761.259174,99
1633733761.370722,98
1633733761.480558,98
1633733761.592460,98
1633733761.704017,98
1633733761.817713,98
1633733761.928583,98
1633733762.039404,96
1633733762.149017,92
1633733762.261095,92
1633733762.371125,92
1633733762.481254,92
1633733762.594325,92
1633733762.706476,92
1633733762.819147,92
1633733762.932249,93
1633733763.044279,93
1633733763.156086,92
1633733763.268899,92
1633733763.380367,90
1633733763.493120,85
1633733763.604854,75
1633733763.715892,68
1633733763.829615,59
1633733763.940495,52
1633733764.051444,46
1633733764.166361,46
1633733764.275859,46
1633733764.389197,45
1633733764.504032,45
1633733764.615235,45
1633733764.728419,45
1633733764.840106,45
1633733764.950704,45
1633733765.062852,47
1633733765.173764,47
1633733765.286469,47
1633733765.399515,46
1633733765.510521,46
1633733765.623227,46
1633733765.734663,46
1633733765.846261,52
1633733765.958845,53
1633733766.069972,54
1633733766.181029,54
1633733766.291906,54
1633733766.404903,53
1633733766.519286,47
1633733766.631452,49
1633733766.743482,48
1633733766.856289,48
1633733766.966586,48
1633733767.077172,48
1633733767.187137,47
1633733767.296439,47
1633733767.408631,47
1633733767.521332,47
1633733767.632269,47
1633733767.743363,46
1633733767.855954,46
1633733767.967076,46
1633733768.080473,46
1633733768.192722,47
1633733768.304098,48
1633733768.417257,48
1633733768.529160,47
1633733768.641309,47
1633733768.753613,46
1633733768.864300,47
1633733768.976465,47
1633733769.089083,48
1633733769.201668,48
1633733769.314097,48
1633733769.423896,48
1633733769.540495,48
1633733769.652870,49
1633733769.763329,49
1633733769.873435,48
1633733769.985477,48
1633733770.095169,48
1633733770.205774,48
1633733770.317991,55
1633733770.430620,55
1633733770.540920,55
1633733770.651378,55
1633733770.762746,55
1633733770.875673,55
1633733770.987122,52
1633733771.097004,49
1633733771.206257,49
1633733771.318317,49
1633733771.429110,49
1633733771.541758,50
1633733771.652488,50
1633733771.765739,49
1633733771.876982,49
1633733771.987337,49
1633733772.098392,49
1633733772.209831,49
1633733772.322244,48
1633733772.434428,48
1633733772.545153,48
1633733772.658014,48
1633733772.769694,48
1633733772.879821,49
1633733772.991760,50
1633733773.103620,50
1633733773.214663,49
1633733773.326071,49
1633733773.436674,49
1633733773.547438,49
1633733773.658181,49
1633733773.768783,49
1633733773.882256,49
1633733773.994062,49
1633733774.107631,50
1633733774.218718,50
1633733774.329691,50
1633733774.440746,50
1633733774.551766,50
1633733774.663807,51
1633733774.775746,50
1633733774.886103,56
1633733774.996602,57
1633733775.108790,57
1633733775.221844,57
1633733775.334865,57
1633733775.446096,57
1633733775.557262,53
1633733775.669825,51
1633733775.780610,51
1633733775.891394,51
1633733776.002482,52
1633733776.115160,52
1633733776.227126,52
1633733776.336484,50
1633733776.447538,50
1633733776.559091,50
1633733776.670346,51
1633733776.782398,51
1633733776.894432,50
1633733777.005838,50
1633733777.117783,50
1633733777.230747,50
1633733777.343438,50
1633733777.454142,50
1633733777.565299,50
1633733777.676126,50
1633733777.787271,51
1633733777.898704,51
1633733778.011354,51
1633733778.122849,51
1633733778.233811,51
1633733778.346520,51
1633733778.458541,51
1633733778.580562,51
1633733778.692034,52
1633733778.803906,52
1633733778.917652,52
1633733779.030843,52
1633733779.144045,53
1633733779.255188,52
1633733779.367385,51
1633733779.480844,58
1633733779.593268,57
1633733779.705017,59
1633733779.818782,59
1633733779.930100,58
1633733780.042054,58
1633733780.152728,56
1633733780.265240,53
1633733780.381182,53
1633733780.494480,53
1633733780.606440,54
1633733780.719154,53
1633733780.830104,54
1633733780.942580,52
1633733781.054992,52
1633733781.168006,52
1633733781.280752,53
1633733781.391356,52
1633733781.501197,52
1633733781.612453,54
1633733781.724727,52
1633733781.837091,52
1633733781.948693,52
1633733782.059055,52
1633733782.168692,52
1633733782.280594,52
1633733782.391810,53
1633733782.501936,53
1633733782.614532,53
1633733782.724959,52
1633733782.835525,53
1633733782.945860,52
1633733783.057774,53
1633733783.168838,52
1633733783.279330,53
1633733783.391741,53
1633733783.504414,54
1633733783.617934,54
1633733783.728976,54
1633733783.839541,53
1633733783.951524,55
1633733784.064452,60
1633733784.174703,60
1633733784.286710,60
1633733784.397761,60
1633733784.509200,61
1633733784.620374,61
1633733784.733457,62
1633733784.846443,55
1633733784.958063,55
1633733785.069853,55
1633733785.180740,55
1633733785.292718,55
1633733785.404532,55
1633733785.516461,55
1633733785.627561,54
1633733785.739440,54
1633733785.852024,54
1633733785.965467,54
1633733786.076699,53
1633733786.188482,54
1633733786.300547,53
1633733786.412264,53
1633733786.524070,53
1633733786.636889,54
1633733786.748923,54
1633733786.860600,54
1633733786.971750,54
1633733787.082705,53
1633733787.195504,54
1633733787.308448,54
1633733787.418308,54
1633733787.531282,54
1633733787.643362,55
1633733787.755777,55
1633733787.868100,56
1633733787.980089,56
1633733788.093455,56
1633733788.205897,55
1633733788.317716,55
1633733788.431209,55
1633733788.543676,55
1633733788.654324,54
1633733788.766724,63
1633733788.878486,63
1633733788.989583,63
1633733789.102362,63
1633733789.212525,63
1633733789.323918,62
1633733789.436234,61
1633733789.547054,56
1633733789.659993,56
1633733789.771401,56
1633733789.882349,56
1633733789.996046,57
1633733790.106554,56
1633733790.218500,56
1633733790.331719,55
1633733790.442485,56
1633733790.556031,56
1633733790.667873,55
1633733790.778708,55
1633733790.890740,56
1633733791.001731,55
1633733791.113118,55
1633733791.224555,56
1633733791.336008,56
1633733791.445968,56
1633733791.558144,56
1633733791.665928,56
1633733791.776379,56
1633733791.886398,56
1633733791.996926,56
1633733792.106039,56
1633733792.216698,55
1633733792.328004,55
1633733792.440276,55
1633733792.551913,56
1633733792.664702,56
1633733792.776598,57
1633733792.887059,57
1633733792.997514,57
1633733793.110124,57
1633733793.221714,57
1633733793.331540,56
1633733793.443323,63
1633733793.555757,62
1633733793.667456,62
1633733793.778499,63
1633733793.892544,63
1633733794.005629,62
1633733794.116873,63
1633733794.227972,56
1633733794.338695,60
1633733794.448657,58
1633733794.561064,59
1633733794.672375,58
1633733794.782705,58
1633733794.898465,58
1633733795.010541,58
1633733795.121303,57
1633733795.233769,56
1633733795.344608,57
1633733795.458074,57
1633733795.570194,57
1633733795.680152,57
1633733795.794754,57
1633733795.906194,57
1633733796.018763,57
1633733796.131727,57
1633733796.244509,57
1633733796.356620,57
1633733796.470573,57
1633733796.581277,57
1633733796.698050,57
1633733796.810476,57
1633733796.922858,57
1633733797.034782,57
1633733797.145957,58
1633733797.260713,60
1633733797.371973,59
1633733797.483989,59
1633733797.598754,59
1633733797.710137,59
1633733797.820576,59
1633733797.934648,59
1633733798.045532,59
1633733798.160120,65
1633733798.271847,66
1633733798.384491,65
1633733798.497284,65
1633733798.608149,65
1633733798.720564,65
1633733798.832391,65
1633733798.945011,63
1633733799.055370,59
1633733799.168785,60
1633733799.278815,59
1633733799.390751,60
1633733799.503103,60
1633733799.613657,60
1633733799.725654,60
1633733799.836466,60
1633733799.948433,58
1633733800.062723,58
1633733800.172997,58
1633733800.284094,58
1633733800.398435,59
1633733800.510425,59
1633733800.623556,59
1633733800.736845,59
1633733800.848561,59
1633733800.962556,59
1633733801.074464,59
1633733801.185969,59
1633733801.299707,59
1633733801.410877,60
1633733801.522185,60
1633733801.636003,60
1633733801.745945,59
1633733801.857078,59
1633733801.969190,59
1633733802.079812,60
1633733802.191174,60
1633733802.303408,60
1633733802.414422,61
1633733802.527759,61
1633733802.638569,61
1633733802.749661,60
1633733802.862697,60
1633733802.973509,66
1633733803.086896,66
1633733803.200335,66
1633733803.312720,66
1633733803.423806,67
1633733803.535586,67
1633733803.645252,67
1633733803.755444,66
1633733803.866775,61
1633733803.978049,61
1633733804.089719,61
1633733804.202803,62
1633733804.316361,61
1633733804.427863,61
1633733804.541181,62
1633733804.652673,62
1633733804.765129,61
1633733804.879078,60
1633733804.990861,60
1633733805.102343,60
1633733805.214140,60
1633733805.326032,60
1633733805.437551,60
1633733805.550466,61
1633733805.663078,61
1633733805.777521,61
1633733805.888195,62
1633733805.999625,61
1633733806.111117,60
1633733806.222817,60
1633733806.333441,60
1633733806.445615,60
1633733806.557046,60
1633733806.668455,61
1633733806.779814,62
1633733806.890286,62
1633733807.001268,62
1633733807.112287,61
1633733807.224727,61
1633733807.336776,61
1633733807.449753,61
1633733807.561278,61
1633733807.674291,62
1633733807.786076,70
1633733807.897057,69
1633733808.009533,69
1633733808.121837,68
1633733808.233684,68
1633733808.345171,68
1633733808.458517,68
1633733808.571783,68
1633733808.684787,66
1633733808.796367,64
1633733808.911895,63
1633733809.023320,63
1633733809.136203,63
1633733809.250436,63
1633733809.361416,63
1633733809.473147,63
1633733809.586191,63
1633733809.698466,62
1633733809.810056,62
1633733809.921220,62
1633733810.031654,62
1633733810.141115,62
1633733810.253731,61
1633733810.364375,62
1633733810.475095,61
1633733810.586810,61
1633733810.698620,61
1633733810.809290,61
1633733810.920956,62
1633733811.031649,62
1633733811.144260,62
1633733811.255757,63
1633733811.368482,61
1633733811.479904,63
1633733811.591525,62
1633733811.702185,62
1633733811.814470,63
1633733811.926348,63
1633733812.039160,64
1633733812.150197,64
1633733812.261700,64
1633733812.371974,64
1633733812.484618,64
1633733812.596451,64
1633733812.707676,70
1633733812.819223,69
1633733812.931039,69
1633733813.043746,69
1633733813.156148,69
1633733813.268009,69
1633733813.379428,70
1633733813.492324,70
1633733813.602255,68
1633733813.714953,65
1633733813.827418,64
1633733813.938902,64
1633733814.050437,64
1633733814.163852,64
1633733814.275388,64
1633733814.387180,64
1633733814.498256,65
1633733814.610859,63
1633733814.723473,63
1633733814.834573,63
1633733814.946757,63
1633733815.058863,63
1633733815.171115,64
1633733815.284436,64
1633733815.398045,63
1633733815.509653,64
1633733815.623094,64
1633733815.733444,64
1633733815.846122,64
1633733815.958982,64
1633733816.070557,64
1633733816.183614,65
1633733816.295787,64
1633733816.409502,64
1633733816.520867,63
1633733816.633403,64
1633733816.746672,65
1633733816.859459,65
1633733816.970937,65
1633733817.083557,65
1633733817.195152,65
1633733817.308861,65
1633733817.419391,65
1633733817.531247,65
1633733817.642694,72
1633733817.753127,71
1633733817.865147,71
1633733817.975964,71
1633733818.086759,71
1633733818.199949,71
1633733818.313200,71
1633733818.424933,71
1633733818.537530,71
1633733818.650466,66
1633733818.762746,66
1633733818.873976,66
1633733818.986300,67
1633733819.096316,67
1633733819.207549,66
1633733819.317654,66
1633733819.428028,66
1633733819.539869,65
1633733819.651380,66
1633733819.763859,65
1633733819.875020,65
1633733819.989098,65
1633733820.101959,65
1633733820.213386,65
1633733820.325528,65
1633733820.436049,65
1633733820.546403,65
1633733820.657157,65
1633733820.766131,65
1633733820.875754,65
1633733820.984433,65
1633733821.094840,66
1633733821.204502,65
1633733821.313568,65
1633733821.423809,65
1633733821.533528,66
1633733821.643421,65
1633733821.753970,66
1633733821.863882,66
1633733821.973482,67
1633733822.082832,67
1633733822.192235,66
1633733822.301666,66
1633733822.412356,67
1633733822.522714,66
1633733822.632440,72
1633733822.741988,72
1633733822.852411,73
1633733822.962062,73
1633733823.071711,73
1633733823.180532,74
1633733823.290796,73
1633733823.402810,73
1633733823.514131,73
1633733823.625636,68
1633733823.737627,69
1633733823.849589,69
1633733823.960825,68
1633733824.074143,67
1633733824.187575,68
1633733824.298651,68
1633733824.409550,68
1633733824.519724,68
1633733824.631258,66
1633733824.743377,67
1633733824.856867,66
1633733824.968924,66
1633733825.080623,66
1633733825.193415,66
1633733825.304463,66
1633733825.416796,67
1633733825.529643,66
1633733825.641740,66
1633733825.753729,66
1633733825.865763,66
1633733825.976020,66
1633733826.089457,66
1633733826.201606,66
1633733826.315984,67
1633733826.428644,67
1633733826.539745,66
1633733826.651100,67
1633733826.763945,68
1633733826.876530,68
1633733826.988695,69
1633733827.100088,68
1633733827.213284,68
1633733827.325969,69
1633733827.438465,69
1633733827.550612,69
1633733827.662386,75
1633733827.772884,74
1633733827.885589,74
1633733827.998172,74
1633733828.109724,74
1633733828.221333,74
1633733828.332209,76
1633733828.444503,76
1633733828.556566,75
1633733828.667524,69
1633733828.780635,69
1633733828.891669,69
1633733829.004724,69
1633733829.116625,69
1633733829.228828,69
1633733829.341847,69
1633733829.451998,69
1633733829.563791,69
1633733829.674842,68
1633733829.786947,69
1633733829.900356,67
1633733830.012636,67
1633733830.124661,67
1633733830.237214,67
1633733830.347395,68
1633733830.458412,68
1633733830.569910,68
1633733830.680623,68
1633733830.792307,70
1633733830.903872,68
1633733831.015804,68
1633733831.129091,68
1633733831.240516,68
1633733831.352291,69
1633733831.465478,69
1633733831.575978,69
1633733831.686831,70
1633733831.799375,70
1633733831.910013,70
1633733832.019251,69
1633733832.131940,69
1633733832.243255,69
1633733832.354947,69
1633733832.467100,70
1633733832.577556,70
1633733832.689295,77
1633733832.800729,77
1633733832.913009,77
1633733833.025900,77
1633733833.137287,76
1633733833.248255,76
1633733833.360994,76
1633733833.471704,76
1633733833.582852,76
1633733833.695688,72
1633733833.805695,70
1633733833.920213,71
1633733834.034581,71
1633733834.146594,71
1633733834.259143,70
1633733834.371932,70
1633733834.483985,70
1633733834.598241,71
1633733834.710076,69
1633733834.820765,70
1633733834.932232,71
1633733835.044590,70
1633733835.155503,68
1633733835.270305,70
1633733835.381142,69
1633733835.494624,70
1633733835.606715,70
1633733835.720546,70
1633733835.831957,70
1633733835.944719,70
1633733836.056820,70
1633733836.167791,70
1633733836.279128,70
1633733836.391024,69
1633733836.503097,70
1633733836.614654,70
1633733836.736026,69
1633733836.848770,71
1633733836.961168,71
1633733837.072699,71
1633733837.184336,71
1633733837.295748,71
1633733837.407728,71
1633733837.521097,71
1633733837.634290,70
1633733837.747809,70
1633733837.860484,77
1633733837.971745,77
1633733838.083145,78
1633733838.196522,78
1633733838.308353,78
1633733838.420108,78
1633733838.531251,78
1633733838.644014,79
1633733838.756411,78
1633733838.868544,71
1633733838.980693,72
1633733839.092475,73
1633733839.203859,72
1633733839.315919,72
1633733839.428828,72
1633733839.542439,72
1633733839.654923,72
1633733839.767779,72
1633733839.879673,71
1633733839.990150,71
1633733840.102127,70
1633733840.215309,70
1633733840.328191,71
1633733840.439829,71
1633733840.551353,71
1633733840.665136,71
1633733840.776298,71
1633733840.890127,71
1633733841.003439,71
1633733841.116230,71
1633733841.227409,70
1633733841.339776,71
1633733841.448996,71
1633733841.561966,71
1633733841.675436,71
1633733841.786602,71
1633733841.898097,72
1633733842.010076,72
1633733842.120339,72
1633733842.232790,71
1633733842.345879,72
1633733842.458394,72
1633733842.568590,73
1633733842.678637,72
1633733842.792285,72
1633733842.905747,73
1633733843.018059,75
1633733843.134862,76
1633733843.255629,76
1633733843.375841,76
1633733843.486816,76
1633733843.598553,76
1633733843.720115,76
1633733843.837522,76
1633733843.955658,72
1633733844.074147,73
1633733844.186798,73
1633733844.304153,73
1633733844.414375,73
1633733844.526457,73
1633733844.637842,73
1633733844.751326,73
1633733844.867998,73
1633733844.980148,74
1633733845.090249,75
1633733845.202394,74
1633733845.312182,75
1633733845.423457,74
1633733845.535540,74
1633733845.645382,74
1633733845.755152,74
1633733845.865517,75
1633733845.975654,74
1633733846.085865,75
1633733846.195132,75
1633733846.306379,75
1633733846.420383,74
1633733846.530591,75
1633733846.642024,74
1633733846.752758,74
1633733846.863449,74
1633733846.973075,74
1633733847.085018,74
1633733847.197711,74
1633733847.308597,74
1633733847.418340,74
1633733847.531020,74
1633733847.641847,75
1633733847.751261,74
1633733847.860147,74
1633733847.970422,74
1633733848.080187,74
1633733848.190216,73
1633733848.301019,74
1633733848.410585,74
1633733848.519989,75
1633733848.630207,73
1633733848.743697,73
1633733848.855549,73
1633733848.965048,73
1633733849.082023,73
1633733849.192077,73
1633733849.303027,73
1633733849.413113,75
1633733849.524620,74
1633733849.637023,73
1633733849.752111,73
1633733849.864106,73
1633733849.974599,73
1633733850.084784,73
1633733850.195812,74
1633733850.315714,75
1633733850.437364,74
1633733850.560968,74
1633733850.675127,74
1633733850.785310,74
1633733850.894222,74
1633733851.007864,74
1633733851.123260,75
1633733851.237901,81
1633733851.347406,81
1633733851.456912,81
1633733851.565706,81
1633733851.675972,82
1633733851.785473,82
1633733851.902701,82
1633733852.018945,82
1633733852.137328,83
1633733852.254546,80
1633733852.372310,76
1633733852.492164,76
1633733852.604549,76
1633733852.714625,76
1633733852.825561,76
1633733852.937261,75
1633733853.058850,76
1633733853.180441,76
1633733853.299785,76
1633733853.410351,74
1633733853.520244,74
1633733853.629315,74
1633733853.738741,74
1633733853.848942,74
1633733853.958814,74
1633733854.068087,74
1633733854.176553,74
1633733854.286347,75
1633733854.395214,75
1633733854.504618,75
1633733854.613802,75
1633733854.722973,75
1633733854.833386,74
1633733854.942301,75
1633733855.052304,74
1633733855.161963,74
1633733855.271081,74
1633733855.380954,76
1633733855.489439,75
1633733855.598181,76
1633733855.707776,76
1633733855.817939,77
1633733855.927475,76
1633733856.036273,76
1633733856.145394,76
1633733856.255172,76
1633733856.364626,77
1633733856.475020,83
1633733856.585157,84
1633733856.698941,84
1633733856.815090,84
1633733856.930855,84
1633733857.046250,84
1633733857.156707,83
1633733857.266761,83
1633733857.376017,83
1633733857.486006,81
1633733857.595890,77
1633733857.705392,77
1633733857.818265,78
1633733857.929390,77
1633733858.042807,77
1633733858.156302,78
1633733858.265354,77
1633733858.374616,77
1633733858.484728,77
1633733858.593674,77
1633733858.703809,75
1633733858.812775,75
1633733858.922059,75
1633733859.031433,75
1633733859.140302,76
1633733859.250247,76
1633733859.359502,76
1633733859.469663,76
1633733859.579705,77
1633733859.692154,76
1633733859.807425,75
1633733859.919079,75
1633733860.029648,75
1633733860.142145,75
1633733860.254748,76
1633733860.365155,76
1633733860.474371,78
1633733860.587177,78
1633733860.696662,78
1633733860.809460,77
1633733860.921344,77
1633733861.031142,77
1633733861.140196,77
1633733861.252280,78
1633733861.362980,77
1633733861.473093,78
1633733861.584455,78
1633733861.695902,78
1633733861.805211,85
1633733861.917126,85
1633733862.027181,85
1633733862.137090,84
1633733862.247417,84
1633733862.357354,85
1633733862.467652,84
1633733862.578004,84
1633733862.687709,83
1633733862.797485,83
1633733862.909188,79
1633733863.019290,78
1633733863.129052,78
1633733863.240918,78
1633733863.353499,78
1633733863.465189,78
1633733863.575243,78
1633733863.684843,78
1633733863.795188,78
1633733863.905601,78
1633733864.015172,77
1633733864.125142,77
1633733864.235188,77
1633733864.344034,77
1633733864.454058,77
1633733864.563234,77
1633733864.674127,78
1633733864.784170,78
1633733864.894007,76
1633733865.004203,77
1633733865.114174,77
1633733865.223721,78
1633733865.331945,77
1633733865.441966,78
1633733865.550880,78
1633733865.660138,78
1633733865.768389,78
1633733865.877965,78
1633733865.987689,79
1633733866.096766,79
1633733866.206071,79
1633733866.319214,79
1633733866.429441,79
1633733866.548093,78
1633733866.658049,78
1633733866.772326,78
1633733866.884140,78
1633733866.996085,79
1633733867.105135,86
1633733867.216018,86
1633733867.325707,86
1633733867.441094,86
1633733867.550756,86
1633733867.660487,86
1633733867.770535,86
1633733867.885737,86
1633733868.001320,86
1633733868.112395,84
1633733868.223973,79
1633733868.338008,80
1633733868.454271,79
1633733868.564040,79
1633733868.673392,79
1633733868.786728,79
1633733868.898222,79
1633733869.010653,79
1633733869.121449,79
1633733869.236365,79
1633733869.346201,78
1633733869.454786,78
1633733869.564501,79
1633733869.674193,79
1633733869.784031,79
1633733869.896184,79
1633733870.009890,79
1633733870.124116,79
1633733870.238515,78
1633733870.352970,79
1633733870.463117,80
1633733870.572666,79
1633733870.681862,79
1633733870.791508,79
1633733870.900529,80
1633733871.010777,79
1633733871.120543,79
1633733871.230509,79
1633733871.339491,80
1633733871.448552,80
1633733871.557976,80
1633733871.667801,80
1633733871.776395,81
1633733871.885441,80
1633733871.994004,80
1633733872.104070,80
1633733872.213575,80
1633733872.322788,81
1633733872.433313,87
1633733872.542940,87
1633733872.653950,88
1633733872.768107,87
1633733872.879407,87
1633733872.991778,87
1633733873.102261,87
1633733873.211657,87
1633733873.323526,87
1633733873.434006,87
1633733873.543678,82
1633733873.654508,81
1633733873.768845,81
1633733873.880837,81
1633733873.992949,81
1633733874.102412,81
1633733874.211950,82
1633733874.324908,82
1633733874.435259,82
1633733874.545471,82
1633733874.657914,81
1633733874.767815,80
1633733874.877339,80
1633733874.988992,80
1633733875.099171,82
1633733875.209650,80
1633733875.321917,80
1633733875.433112,80
1633733875.542152,80
1633733875.653330,81
1633733875.764911,81
1633733875.875202,80
1633733875.986545,80
1633733876.097727,80
1633733876.207841,81
1633733876.319645,81
1633733876.429583,82
1633733876.538539,80
1633733876.649532,81
1633733876.759552,81
1633733876.868140,82
1633733876.978091,81
1633733877.088058,81
1633733877.197591,81
1633733877.306781,81
1633733877.416237,81
1633733877.525327,82
1633733877.635286,84
1633733877.744704,81
1633733877.855420,88
1633733877.964999,88
1633733878.074859,88
1633733878.183711,89
1633733878.293261,88
1633733878.402891,88
1633733878.511865,88
1633733878.621213,89
1633733878.729573,89
1633733878.839263,88
1633733878.948626,85
1633733879.057442,83
1633733879.168367,83
1633733879.276649,83
1633733879.386746,83
1633733879.496095,83
1633733879.605586,83
1633733879.715164,83
1633733879.824688,82
1633733879.935583,82
1633733880.045068,83
1633733880.155462,81
1633733880.265483,81
1633733880.375170,82
1633733880.484486,82
1633733880.594382,82
1633733880.704276,81
1633733880.813725,81
1633733880.923757,81
1633733881.033166,81
1633733881.142936,81
1633733881.253596,81
1633733881.362760,81
1633733881.473437,81
1633733881.583702,82
1633733881.693170,82
1633733881.803260,82
1633733881.913773,82
1633733882.022971,83
1633733882.131505,82
1633733882.241564,82
1633733882.351838,83
1633733882.460999,82
1633733882.570216,82
1633733882.680467,82
1633733882.789570,83
1633733882.898501,83
1633733883.008126,84
1633733883.117729,84
1633733883.227256,90
1633733883.336316,89
1633733883.445530,89
1633733883.555584,89
1633733883.664957,90
1633733883.775353,90
1633733883.884680,90
1633733883.994321,91
1633733884.103555,92
1633733884.213036,90
1633733884.322719,89
1633733884.431699,84
1633733884.540792,84
1633733884.649977,84
1633733884.760107,84
1633733884.870052,84
1633733884.979241,84
1633733885.090943,84
1633733885.201272,85
1633733885.310396,85
1633733885.420370,84
1633733885.531216,84
1633733885.639974,84
1633733885.749336,83
1633733885.859434,83
1633733885.968221,82
1633733886.077527,82
1633733886.186509,82
1633733886.295553,82
1633733886.404241,83
1633733886.514755,82
1633733886.625068,82
1633733886.734591,83
1633733886.845873,83
1633733886.955148,84
1633733887.064543,83
1633733887.172973,83
1633733887.282076,82
1633733887.390896,82
1633733887.500595,83
1633733887.609727,83
1633733887.718551,84
1633733887.828384,83
1633733887.937898,84
1633733888.047220,84
1633733888.156686,85
1633733888.266959,84
1633733888.376896,84
1633733888.490010,87
1633733888.603625,85
1633733888.714670,88
1633733888.830223,87
1633733888.941553,87
1633733889.054278,88
1633733889.164604,89
1633733889.278403,88
1633733889.391896,87
1633733889.502540,88
1633733889.615190,85
1633733889.727084,85
1633733889.838053,84
1633733889.949746,84
1633733890.061738,84
1633733890.174930,85
1633733890.286484,86
1633733890.398177,85
1633733890.510966,85
1633733890.622645,85
1633733890.735581,84
1633733890.848880,84
1633733890.960242,84
1633733891.072717,85
1633733891.186252,85
1633733891.299662,85
1633733891.412592,86
1633733891.525700,86
1633733891.637485,86
1633733891.749727,86
1633733891.860669,87
1633733891.973362,86
1633733892.086456,86
1633733892.199191,85
1633733892.312614,85
1633733892.424267,85
1633733892.535673,85
1633733892.648889,85
1633733892.759368,85
1633733892.871580,86
1633733892.982694,86
1633733893.096623,86
1633733893.210509,86
1633733893.323642,86
1633733893.435522,87
1633733893.547162,85
1633733893.659209,85
1633733893.771237,85
1633733893.881540,85
1633733893.991026,85
1633733894.102141,86
1633733894.214837,86
1633733894.327158,86
1633733894.441673,86
1633733894.553872,86
1633733894.664303,86
1633733894.776896,84
1633733894.889990,84
1633733895.001323,84
1633733895.112738,84
1633733895.225406,84
1633733895.339042,85
1633733895.451553,85
1633733895.561853,85
1633733895.674076,85
1633733895.786222,86
1633733895.896632,85
1633733896.008647,85
1633733896.120849,85
1633733896.233214,84
1633733896.343863,84
1633733896.456866,84
1633733896.569427,85
1633733896.682731,86
1633733896.795532,86
1633733896.907943,86
1633733897.021389,86
1633733897.133024,86
1633733897.245985,85
1633733897.358046,85
1633733897.472218,84
1633733897.586205,87
1633733897.699501,88
1633733897.812222,90
1633733897.923098,89
1633733898.036504,89
1633733898.148215,89
1633733898.261873,89
1633733898.373373,90
1633733898.486552,89
1633733898.598380,89
1633733898.712241,87
1633733898.824398,87
1633733898.936060,87
1633733899.047679,87
1633733899.160002,88
1633733899.272273,87
1633733899.384178,87
1633733899.497073,87
1633733899.609216,87
1633733899.720400,87
1633733899.831844,86
1633733899.946128,86
1633733900.058581,86
1633733900.172119,86
1633733900.284300,87
1633733900.396278,88
1633733900.508726,88
1633733900.622235,88
1633733900.734093,88
1633733900.847261,89
1633733900.960118,88
1633733901.072482,88
1633733901.184958,88
1633733901.297464,88
1633733901.410583,87
1633733901.520588,88
1633733901.632626,88
1633733901.744866,88
1633733901.857367,87
1633733901.970872,88
1633733902.081879,88
1633733902.194758,89
1633733902.307869,88
1633733902.419543,88
1633733902.531555,88
1633733902.641902,88
1633733902.755846,87
1633733902.869596,88
1633733902.980947,88
1633733903.094854,87
1633733903.206862,87
1633733903.318128,87
1633733903.430374,88
1633733903.543409,88
1633733903.654881,88
1633733903.767481,88
1633733903.880129,89
1633733903.994695,87
1633733904.104783,87
1633733904.215812,87
1633733904.329904,87
1633733904.443218,87
1633733904.555699,87
1633733904.666856,87
1633733904.780065,87
1633733904.892010,88
1633733905.003924,87
1633733905.116720,80
1633733905.228621,73
1633733905.340353,66
1633733905.452599,59
1633733905.564857,53
1633733905.678520,45
