1633733296.281764,0
1633733296.390842,6
1633733296.504101,15
1633733296.617141,20
1633733296.728514,19
1633733296.841207,19
1633733296.954529,18
1633733297.066345,19
1633733297.177794,19
1633733297.290372,14
1633733297.403085,19
1633733297.515136,20
1633733297.625199,19
1633733297.737332,17
1633733297.850467,19
1633733297.964545,20
1633733298.075771,18
1633733298.186859,16
1633733298.299368,17
1633733298.410735,14
1633733298.521274,8
1633733298.631239,10
1633733298.743152,9
1633733298.854915,9
1633733298.965766,10
1633733299.075861,10
1633733299.186087,12
1633733299.298201,12
1633733299.408516,11
1633733299.519331,11
1633733299.630940,11
1633733299.741311,11
1633733299.851533,11
1633733299.961001,12
1633733300.071576,11
1633733300.182473,11
1633733300.302625,11
1633733300.413015,12
1633733300.523665,12
1633733300.634722,19
1633733300.746576,17
1633733300.859012,13
1633733300.970662,14
1633733301.080227,7
1633733301.192744,6
1633733301.304439,6
1633733301.414079,6
1633733301.523999,8
1633733301.636251,8
1633733301.748818,7
1633733301.859906,7
1633733301.968320,7
1633733302.078730,8
1633733302.191633,8
1633733302.304399,8
1633733302.417204,8
1633733302.527670,8
1633733302.637169,8
1633733302.747784,9
1633733302.858050,10
1633733302.968741,10
1633733303.078065,10
1633733303.187181,10
1633733303.297164,9
1633733303.407260,10
1633733303.517242,10
1633733303.627547,11
1633733303.739646,10
1633733303.849268,10
1633733303.959400,12
1633733304.069047,18
1633733304.182620,19
1633733304.292046,13
1633733304.400311,13
1633733304.510362,12
1633733304.620122,12
1633733304.728609,12
1633733304.837716,12
1633733304.946433,11
1633733305.055345,13
1633733305.166533,12
1633733305.276515,14
1633733305.387046,13
1633733305.497707,12
1633733305.607455,15
1633733305.717411,14
1633733305.827895,13
1633733305.937443,14
1633733306.048781,14
1633733306.158854,14
1633733306.267903,14
1633733306.376872,14
1633733306.486263,14
1633733306.594862,14
1633733306.719602,15
1633733306.828985,14
1633733306.938804,15
1633733307.047894,16
1633733307.156920,15
1633733307.277951,15
1633733307.386400,16
1633733307.496513,16
1633733307.605320,19
1633733307.715346,19
1633733307.825207,15
1633733307.934707,16
1633733308.045420,15
1633733308.156156,15
1633733308.266426,12
1633733308.376413,8
1633733308.486928,10
1633733308.595753,10
1633733308.706199,10
1633733308.815684,9
1633733308.927872,8
1633733309.037299,8
1633733309.149867,10
1633733309.259093,10
1633733309.368549,10
1633733309.478236,9
1633733309.587038,9
1633733309.697378,9
1633733309.807033,9
1633733309.915488,10
1633733310.025889,10
1633733310.134975,10
1633733310.245299,10
1633733310.355227,11
1633733310.465399,11
1633733310.574591,11
1633733310.684099,12
1633733310.793786,12
1633733310.903408,12
1633733311.012754,12
1633733311.122075,12
1633733311.231653,11
1633733311.341747,12
1633733311.452118,12
1633733311.561972,12
1633733311.671565,12
1633733311.780973,13
1633733311.890975,13
1633733311.999646,19
1633733312.109127,19
1633733312.219446,16
1633733312.327553,14
1633733312.436722,15
1633733312.545328,14
1633733312.654644,14
1633733312.763703,15
1633733312.872445,15
1633733312.981684,15
1633733313.091313,15
1633733313.203247,15
1633733313.312412,14
1633733313.421714,15
1633733313.531283,15
1633733313.640653,15
1633733313.751185,15
1633733313.861587,15
1633733313.969848,16
1633733314.080444,15
1633733314.190099,15
1633733314.301955,15
1633733314.413181,16
1633733314.525007,17
1633733314.641769,17
1633733314.751543,17
1633733314.862331,16
1633733314.972501,16
1633733315.081943,16
1633733315.191376,16
1633733315.300684,16
1633733315.410292,16
1633733315.519819,17
1633733315.628823,17
1633733315.740324,18
1633733315.852731,18
1633733315.962697,18
1633733316.072591,19
1633733316.184257,19
1633733316.294125,17
1633733316.404153,18
1633733316.514378,18
1633733316.625074,16
1633733316.737038,16
1633733316.846148,16
1633733316.957234,16
1633733317.066935,14
1633733317.177218,9
1633733317.287400,10
1633733317.397068,12
1633733317.508813,14
1633733317.620031,12
1633733317.729479,10
1633733317.841027,9
1633733317.950668,9
1633733318.061216,11
1633733318.170798,11
1633733318.279389,11
1633733318.388701,11
1633733318.498715,11
1633733318.608873,11
1633733318.717615,11
1633733318.825759,11
1633733318.935198,12
1633733319.045465,11
1633733319.156587,13
1633733319.265907,11
1633733319.376705,11
1633733319.487990,11
1633733319.597653,12
1633733319.707904,13
1633733319.818943,12
1633733319.927574,12
1633733320.037480,13
1633733320.148545,13
1633733320.259149,14
1633733320.367811,13
1633733320.480407,14
1633733320.589354,14
1633733320.698446,14
1633733320.807156,15
1633733320.916225,14
1633733321.025776,18
1633733321.135359,18
1633733321.245179,15
1633733321.355175,15
1633733321.465344,15
1633733321.575557,16
1633733321.684515,16
1633733321.794559,16
1633733321.904685,15
1633733322.015978,18
1633733322.125891,17
1633733322.235659,16
1633733322.345107,17
1633733322.454955,17
1633733322.570160,18
1633733322.683300,16
1633733322.793631,16
1633733322.904322,16
1633733323.017099,16
1633733323.129023,16
1633733323.242938,16
1633733323.352807,16
1633733323.462044,17
1633733323.572319,17
1633733323.682523,18
1633733323.792208,18
1633733323.901513,18
1633733324.011086,17
1633733324.121108,17
1633733324.230487,18
1633733324.339494,17
1633733324.448308,17
1633733324.557470,17
1633733324.667668,18
1633733324.776331,19
1633733324.885116,19
1633733324.994904,19
1633733325.103836,19
1633733325.214590,19
1633733325.324480,19
1633733325.434587,20
1633733325.543754,19
1633733325.653418,18
1633733325.762693,20
1633733325.872842,19
1633733325.982757,18
1633733326.092089,15
1633733326.201691,14
1633733326.310037,13
1633733326.418442,9
1633733326.528824,9
1633733326.638603,10
1633733326.747025,11
1633733326.855811,11
1633733326.964677,10
1633733327.074325,12
1633733327.183367,11
1633733327.292425,11
1633733327.403397,10
1633733327.512191,10
1633733327.622026,10
1633733327.731499,12
1633733327.840821,11
1633733327.950256,12
1633733328.059494,13
1633733328.169318,12
1633733328.279032,12
1633733328.388695,12
1633733328.497522,12
1633733328.608689,12
1633733328.718033,12
1633733328.828176,12
1633733328.937631,12
1633733329.046727,14
1633733329.156880,13
1633733329.265736,12
1633733329.376156,13
1633733329.485256,13
1633733329.593770,13
1633733329.702738,14
1633733329.812331,14
1633733329.921327,14
1633733330.030282,14
1633733330.139030,14
1633733330.247625,15
1633733330.358157,15
1633733330.467203,19
1633733330.575793,20
1633733330.685419,16
1633733330.794093,14
1633733330.902767,14
1633733331.011885,12
1633733331.121332,7
1633733331.230625,7
1633733331.340377,8
1633733331.450296,8
1633733331.559128,8
1633733331.668814,8
1633733331.776746,8
1633733331.887050,8
1633733331.996786,9
1633733332.106484,9
1633733332.215768,9
1633733332.325326,10
1633733332.435132,11
1633733332.543895,9
1633733332.653545,9
1633733332.763033,9
1633733332.871849,10
1633733332.980659,10
1633733333.092649,10
1633733333.201805,11
1633733333.312125,11
1633733333.422706,11
1633733333.531611,11
1633733333.641145,12
1633733333.752220,12
1633733333.862524,12
1633733333.972045,12
1633733334.081366,12
1633733334.190200,11
1633733334.299775,13
1633733334.419920,12
1633733334.530289,13
1633733334.640360,14
1633733334.749968,18
1633733334.859639,17
1633733334.969351,14
1633733335.078544,14
1633733335.187481,13
1633733335.296325,13
1633733335.406551,14
1633733335.516322,15
1633733335.625233,16
1633733335.734844,15
1633733335.844544,15
1633733335.953515,14
1633733336.063390,14
1633733336.172885,15
1633733336.282907,14
1633733336.392970,15
1633733336.501880,15
1633733336.612306,15
1633733336.721652,15
1633733336.832575,15
1633733336.941593,15
1633733337.051633,15
1633733337.160513,15
1633733337.269129,15
1633733337.379466,18
1633733337.488454,17
1633733337.597363,17
1633733337.709996,17
1633733337.821095,16
1633733337.933993,17
1633733338.047577,16
1633733338.159836,15
1633733338.271415,16
1633733338.382472,16
1633733338.494519,18
1633733338.606233,18
1633733338.715290,17
1633733338.828243,19
1633733338.941108,18
1633733339.052692,20
1633733339.165970,18
1633733339.279771,19
1633733339.389279,16
1633733339.500635,17
1633733339.610122,13
1633733339.718798,9
1633733339.828826,8
1633733339.937634,9
1633733340.047209,10
1633733340.157110,11
1633733340.266832,12
1633733340.375760,11
1633733340.486146,11
1633733340.595489,10
1633733340.704882,9
1633733340.813723,10
1633733340.923362,11
1633733341.032902,11
1633733341.141854,12
1633733341.252523,12
1633733341.361587,11
1633733341.471580,10
1633733341.581317,10
1633733341.690066,11
1633733341.798419,11
1633733341.908751,11
1633733342.018145,11
1633733342.127311,11
1633733342.236677,11
1633733342.347321,11
1633733342.456452,13
1633733342.567536,13
1633733342.680050,13
1633733342.793065,13
1633733342.905581,13
1633733343.017261,13
1633733343.129440,13
1633733343.239877,12
1633733343.352434,13
1633733343.465408,14
1633733343.577603,15
1633733343.689184,15
1633733343.803994,15
1633733343.917729,17
1633733344.029722,16
1633733344.141521,12
1633733344.252297,11
1633733344.364010,8
1633733344.477107,7
1633733344.590399,7
1633733344.702469,8
1633733344.813196,8
1633733344.923394,7
1633733345.038932,7
1633733345.150540,8
1633733345.263213,8
1633733345.376133,8
1633733345.487272,9
1633733345.599424,10
1633733345.710934,8
1633733345.821731,9
1633733345.934035,9
1633733346.047066,9
1633733346.160099,9
1633733346.271915,9
1633733346.383967,9
1633733346.498145,11
1633733346.612064,11
1633733346.724151,11
1633733346.835855,10
1633733346.948946,10
1633733347.060382,10
1633733347.171085,10
1633733347.282385,11
1633733347.395114,11
1633733347.507149,11
1633733347.619684,12
1633733347.731403,12
1633733347.844362,13
1633733347.957601,13
1633733348.070313,19
1633733348.183867,19
1633733348.297659,13
1633733348.408912,13
1633733348.520015,10
1633733348.632821,6
1633733348.743658,5
1633733348.854837,6
1633733348.968313,7
1633733349.080416,7
1633733349.193241,7
1633733349.305986,7
1633733349.418268,7
1633733349.530587,8
1633733349.642092,8
1633733349.754449,8
1633733349.867255,8
1633733349.978161,9
1633733350.089953,10
1633733350.200290,9
1633733350.311772,9
1633733350.422808,9
1633733350.534947,9
1633733350.645027,9
1633733350.756897,9
1633733350.867987,10
1633733350.979208,11
1633733351.092229,11
1633733351.204977,11
1633733351.315748,11
1633733351.427857,12
1633733351.538780,11
1633733351.650917,18
1633733351.764734,13
1633733351.877347,13
1633733351.990004,11
1633733352.105861,12
1633733352.217077,12
1633733352.330331,12
1633733352.443739,12
1633733352.553071,14
1633733352.664831,13
1633733352.776242,13
1633733352.887833,13
1633733352.999828,13
1633733353.112746,12
1633733353.223750,12
1633733353.337170,13
1633733353.449881,14
1633733353.562061,14
1633733353.673153,15
1633733353.785100,14
1633733353.897462,14
1633733354.008290,14
1633733354.119784,14
1633733354.231292,14
1633733354.344017,15
1633733354.454863,15
1633733354.567057,15
1633733354.678974,15
1633733354.790516,15
1633733354.902907,16
1633733355.016070,16
1633733355.127670,19
1633733355.240439,19
1633733355.351398,15
1633733355.464309,14
1633733355.577546,13
1633733355.687743,8
1633733355.801176,7
1633733355.913557,8
1633733356.024504,7
1633733356.136657,10
1633733356.249651,9
1633733356.361517,9
1633733356.472701,9
1633733356.584700,8
1633733356.697617,8
1633733356.810157,9
1633733356.923499,9
1633733357.036461,9
1633733357.147125,10
1633733357.258774,9
1633733357.370392,11
1633733357.483179,11
1633733357.594439,11
1633733357.705018,11
1633733357.816869,11
1633733357.929942,10
1633733358.041554,10
1633733358.154523,10
1633733358.266891,11
1633733358.378529,11
1633733358.492066,12
1633733358.604729,12
1633733358.715498,12
1633733358.827554,12
1633733358.940012,12
1633733359.053992,13
1633733359.166115,13
1633733359.277337,14
1633733359.389500,14
1633733359.502334,19
1633733359.613349,18
1633733359.724415,13
1633733359.836552,14
1633733359.948476,11
1633733360.064129,6
1633733360.175876,6
1633733360.286442,6
1633733360.397540,7
1633733360.510416,7
1633733360.622164,7
1633733360.734420,7
1633733360.846919,7
1633733360.959058,8
1633733361.069641,8
1633733361.181854,8
1633733361.294623,8
1633733361.407595,8
1633733361.519619,8
1633733361.631458,9
1633733361.743732,9
1633733361.858114,10
1633733361.970151,10
1633733362.081399,10
1633733362.193970,9
1633733362.305408,10
1633733362.417099,10
1633733362.528167,11
1633733362.639194,10
1633733362.751916,11
1633733362.863106,11
1633733362.973772,18
1633733363.084536,19
1633733363.195598,13
1633733363.306552,13
1633733363.419690,12
1633733363.530303,12
1633733363.643510,12
1633733363.754582,11
1633733363.867132,10
1633733363.980272,12
1633733364.093698,12
1633733364.205177,13
1633733364.315436,13
1633733364.428084,13
1633733364.540590,13
1633733364.653432,13
1633733364.766202,13
1633733364.877824,14
1633733364.990353,14
1633733365.101604,15
1633733365.213552,15
1633733365.323069,14
1633733365.435394,14
1633733365.548212,14
1633733365.660986,14
1633733365.772957,15
1633733365.885100,15
1633733365.996752,15
1633733366.110176,15
1633733366.222137,15
1633733366.333463,17
1633733366.446444,18
1633733366.558391,18
1633733366.670928,18
1633733366.782761,13
1633733366.893811,13
1633733367.005597,12
1633733367.117312,7
1633733367.229637,7
1633733367.339313,8
1633733367.452312,7
1633733367.565356,10
1633733367.677406,9
1633733367.787630,8
1633733367.900468,8
1633733368.014527,8
1633733368.127197,8
1633733368.239499,10
1633733368.350480,10
1633733368.463422,10
1633733368.574957,10
1633733368.687976,9
1633733368.800400,9
1633733368.912627,10
1633733369.023349,10
1633733369.134666,10
1633733369.246983,11
1633733369.359458,11
1633733369.470441,11
1633733369.581591,11
1633733369.694571,12
1633733369.805826,12
1633733369.917358,11
1633733370.030107,11
1633733370.141309,11
1633733370.252701,11
1633733370.365251,11
1633733370.478008,12
1633733370.588983,13
1633733370.701802,14
1633733370.814930,14
1633733370.927318,19
1633733371.040136,18
1633733371.150489,13
1633733371.261795,13
1633733371.375990,9
1633733371.485735,7
1633733371.598267,6
1633733371.708508,6
1633733371.820640,7
1633733371.931374,7
1633733372.042970,7
1633733372.154303,7
1633733372.266631,7
1633733372.377494,8
1633733372.490087,8
1633733372.602636,8
1633733372.713780,9
1633733372.826629,9
1633733372.938518,8
1633733373.051412,9
1633733373.161997,9
1633733373.274717,9
1633733373.384279,9
1633733373.497210,9
1633733373.610454,9
1633733373.721649,11
1633733373.832654,11
1633733373.943622,11
1633733374.055830,11
1633733374.167814,11
1633733374.281194,11
1633733374.394625,17
1633733374.507695,18
1633733374.620389,13
1633733374.732250,13
1633733374.847601,12
1633733374.959929,12
1633733375.071400,12
1633733375.183562,12
1633733375.296407,12
1633733375.409407,11
1633733375.521617,14
1633733375.634503,13
1633733375.746208,13
1633733375.859068,12
1633733375.972407,13
1633733376.082849,13
1633733376.195830,13
1633733376.307618,14
1633733376.420321,14
1633733376.533085,14
1633733376.647504,14
1633733376.760126,14
1633733376.873528,14
1633733376.985803,14
1633733377.098335,14
1633733377.211939,15
1633733377.325325,15
1633733377.437386,16
1633733377.548561,15
1633733377.659312,16
1633733377.770411,16
1633733377.883247,15
1633733377.994681,19
1633733378.107622,17
1633733378.220029,14
1633733378.330801,15
1633733378.442611,11
1633733378.554042,7
1633733378.665341,7
1633733378.778769,8
1633733378.891249,10
1633733379.003123,10
1633733379.115465,10
1633733379.227857,10
1633733379.341263,8
1633733379.451969,8
1633733379.564332,9
1633733379.675464,9
1633733379.786779,9
1633733379.899197,9
1633733380.011669,10
1633733380.124929,10
1633733380.237669,10
1633733380.349042,10
1633733380.460359,11
1633733380.572084,10
1633733380.682351,10
1633733380.794606,10
1633733380.907182,10
1633733381.019137,13
1633733381.131023,12
1633733381.243914,12
1633733381.355710,12
1633733381.467329,12
1633733381.580524,12
1633733381.694483,12
1633733381.807425,12
1633733381.919057,12
1633733382.029778,13
1633733382.142137,14
1633733382.252213,14
1633733382.362512,19
1633733382.475087,19
1633733382.588174,16
1633733382.702675,13
1633733382.818943,11
1633733382.928807,6
1633733383.040792,6
1633733383.154361,6
1633733383.267250,6
1633733383.379557,8
1633733383.492020,7
1633733383.603961,7
1633733383.717164,7
1633733383.829640,8
1633733383.942161,8
1633733384.054330,8
1633733384.166613,8
1633733384.277288,8
1633733384.388955,9
1633733384.500272,10
1633733384.612034,10
1633733384.724906,10
1633733384.836443,9
1633733384.949133,9
1633733385.060546,9
1633733385.173677,10
1633733385.286555,10
1633733385.397371,11
1633733385.508317,11
1633733385.632179,11
1633733385.745160,12
1633733385.856428,14
1633733385.967915,18
1633733386.083231,12
1633733386.196638,12
1633733386.308978,10
1633733386.420806,6
1633733386.532539,5
1633733386.644827,6
1633733386.756613,7
1633733386.868230,7
1633733386.979227,6
1633733387.090321,7
1633733387.202023,7
1633733387.313712,7
1633733387.424939,7
1633733387.537906,7
1633733387.650549,8
1633733387.764333,8
1633733387.879345,8
1633733387.990389,8
1633733388.102271,9
1633733388.213858,8
1633733388.326339,9
1633733388.439221,10
1633733388.551136,10
1633733388.664224,10
1633733388.776970,10
1633733388.890140,9
1633733389.002729,10
1633733389.114572,10
1633733389.226831,11
1633733389.338220,17
1633733389.449693,18
1633733389.561725,11
1633733389.673032,13
1633733389.784892,12
1633733389.898635,11
1633733390.010766,12
1633733390.120936,12
1633733390.229630,12
1633733390.340303,12
1633733390.452315,11
1633733390.562711,12
1633733390.674634,12
1633733390.785365,13
1633733390.896920,12
1633733391.009403,12
1633733391.121333,13
1633733391.234058,13
1633733391.347697,13
1633733391.460528,13
1633733391.570940,14
1633733391.684372,13
1633733391.796714,15
1633733391.909965,15
1633733392.022430,14
1633733392.134212,14
1633733392.246273,14
1633733392.357532,14
1633733392.469600,15
1633733392.581563,15
1633733392.694187,16
1633733392.806368,16
1633733392.917038,19
1633733393.029759,19
1633733393.142169,14
1633733393.254772,14
1633733393.365573,13
1633733393.477915,12
1633733393.590492,7
1633733393.700612,8
1633733393.812395,7
1633733393.924552,9
1633733394.037004,9
1633733394.148231,8
1633733394.258700,9
1633733394.370456,9
1633733394.483740,8
1633733394.596170,9
1633733394.708912,9
1633733394.820740,9
1633733394.932502,9
1633733395.044832,9
1633733395.157223,9
1633733395.269690,10
1633733395.382679,11
1633733395.496097,11
1633733395.607155,11
1633733395.718070,11
1633733395.830112,10
1633733395.941925,10
1633733396.053015,11
1633733396.164304,11
1633733396.276042,11
1633733396.389082,12
1633733396.501299,11
1633733396.614020,13
1633733396.726608,12
1633733396.839136,12
1633733396.951375,13
1633733397.063500,14
1633733397.175986,14
1633733397.288720,19
1633733397.400676,19
1633733397.511619,13
1633733397.624007,14
1633733397.738372,10
1633733397.853652,6
1633733397.966449,6
1633733398.079610,6
1633733398.193320,7
1633733398.305527,7
1633733398.418640,7
1633733398.531335,8
1633733398.644707,7
1633733398.757039,8
1633733398.867734,9
1633733398.979472,9
1633733399.092574,8
1633733399.206171,8
1633733399.318907,8
1633733399.431894,9
1633733399.543381,10
1633733399.655525,10
1633733399.767594,10
1633733399.878568,10
1633733399.990501,9
1633733400.101802,10
1633733400.214091,10
1633733400.326664,11
1633733400.439403,10
1633733400.551413,11
1633733400.663889,12
1633733400.775656,18
1633733400.888527,19
1633733400.999968,12
1633733401.111905,13
1633733401.223196,12
1633733401.335848,12
1633733401.447852,11
1633733401.559481,11
1633733401.670101,11
1633733401.781493,13
1633733401.893476,13
1633733402.006244,14
1633733402.119359,13
1633733402.231334,13
1633733402.343064,13
1633733402.455520,13
1633733402.567421,13
1633733402.679910,14
1633733402.791796,14
1633733402.905012,14
1633733403.018229,14
1633733403.130817,14
1633733403.243213,15
1633733403.356325,14
1633733403.466827,14
1633733403.579092,15
1633733403.691068,15
1633733403.803414,15
1633733403.915166,15
1633733404.026575,17
1633733404.137531,16
1633733404.249777,15
1633733404.360366,18
1633733404.473192,18
1633733404.584494,14
1633733404.697620,13
1633733404.810829,12
1633733404.923256,6
1633733405.035754,7
1633733405.148667,8
1633733405.261866,9
1633733405.375933,9
1633733405.487332,9
1633733405.599327,8
1633733405.715034,8
1633733405.828579,8
1633733405.941324,9
1633733406.053574,10
1633733406.166825,10
1633733406.277430,10
1633733406.390820,9
1633733406.504030,9
1633733406.616335,9
1633733406.729515,10
1633733406.843294,10
1633733406.957808,11
1633733407.071213,11
1633733407.184058,11
1633733407.296030,11
1633733407.408406,11
1633733407.522285,11
1633733407.634459,12
1633733407.746830,11
1633733407.859842,11
1633733407.972750,11
1633733408.084498,12
1633733408.196633,12
1633733408.307197,13
1633733408.417640,13
1633733408.530350,14
1633733408.641755,13
1633733408.753401,19
1633733408.866675,17
1633733408.978062,13
1633733409.090273,12
1633733409.201489,5
1633733409.313031,6
1633733409.426761,6
1633733409.540310,6
1633733409.652227,7
1633733409.764362,7
1633733409.877716,7
1633733409.989491,7
1633733410.102506,7
1633733410.213083,7
1633733410.324284,9
1633733410.437436,9
1633733410.548867,8
1633733410.659591,8
1633733410.770270,9
1633733410.882563,9
1633733410.993279,9
1633733411.105772,9
1633733411.217326,10
1633733411.329719,11
1633733411.442191,10
1633733411.554671,11
1633733411.665354,11
1633733411.778559,11
1633733411.892323,10
1633733412.002961,11
1633733412.116084,10
1633733412.228208,18
1633733412.341744,15
1633733412.454590,14
1633733412.563578,12
1633733412.675306,12
1633733412.787160,12
1633733412.899224,13
1633733413.011661,13
1633733413.124080,13
1633733413.236043,13
1633733413.349010,13
1633733413.459174,13
1633733413.572185,13
1633733413.686238,12
1633733413.798470,13
1633733413.912257,13
1633733414.027641,14
1633733414.140806,14
1633733414.251289,14
1633733414.364379,14
1633733414.475081,14
1633733414.586789,14
1633733414.698309,14
1633733414.809749,14
1633733414.920491,14
1633733415.035444,15
1633733415.146201,15
1633733415.258584,15
1633733415.372418,15
1633733415.484497,16
1633733415.598111,16
1633733415.710925,20
1633733415.823745,18
1633733415.937017,15
1633733416.048106,13
1633733416.161528,14
1633733416.275394,7
1633733416.388181,7
1633733416.502160,8
1633733416.615118,7
1633733416.727860,10
1633733416.841409,10
1633733416.952588,9
1633733417.064536,8
1633733417.177052,8
1633733417.289899,8
1633733417.402500,9
1633733417.513142,9
1633733417.625470,9
1633733417.736418,10
1633733417.848849,10
1633733417.961543,10
1633733418.074321,10
1633733418.186999,10
1633733418.297198,10
1633733418.409851,10
1633733418.520228,10
1633733418.633739,10
1633733418.744566,11
1633733418.858204,12
1633733418.968028,12
1633733419.081036,12
1633733419.194329,12
1633733419.307107,12
1633733419.420383,12
1633733419.533149,12
1633733419.645676,13
1633733419.757298,12
1633733419.868766,14
1633733419.980374,14
1633733420.093318,19
1633733420.204649,19
1633733420.315053,13
1633733420.427069,13
1633733420.539249,10
1633733420.652325,6
1633733420.764410,6
1633733420.876735,5
1633733420.986662,6
1633733421.099546,8
1633733421.212005,7
1633733421.323727,7
1633733421.436521,7
1633733421.548806,8
1633733421.661609,8
1633733421.774549,8
1633733421.886817,8
1633733421.999550,9
1633733422.112274,9
1633733422.224795,9
1633733422.333743,10
1633733422.445655,9
1633733422.555442,9
1633733422.668777,9
1633733422.780716,9
1633733422.892254,10
1633733423.005011,11
1633733423.116122,12
1633733423.228341,11
1633733423.342651,11
1633733423.454344,12
1633733423.565342,18
1633733423.676079,18
1633733423.788666,13
1633733423.900231,13
1633733424.013154,11
1633733424.126501,11
1633733424.237087,12
1633733424.349765,12
1633733424.461500,12
1633733424.574286,13
1633733424.684949,13
1633733424.797024,13
1633733424.909103,14
1633733425.021477,13
1633733425.135632,13
1633733425.248649,13
1633733425.361488,12
1633733425.473504,14
1633733425.584677,14
1633733425.698687,14
1633733425.812123,14
1633733425.923823,14
1633733426.036890,14
1633733426.148037,14
1633733426.257963,15
1633733426.368062,15
1633733426.479813,15
1633733426.593435,16
1633733426.707825,15
1633733426.819140,15
1633733426.931515,16
1633733427.044279,15
1633733427.155917,18
1633733427.268720,18
1633733427.380637,14
1633733427.492780,14
1633733427.604449,13
1633733427.717324,6
1633733427.829071,7
1633733427.941041,9
1633733428.053106,7
1633733428.165896,10
1633733428.276744,9
1633733428.390224,8
1633733428.503748,9
1633733428.616703,9
1633733428.726568,9
1633733428.836401,10
1633733428.948588,9
1633733429.059009,9
1633733429.172550,9
1633733429.284769,9
1633733429.395932,9
1633733429.509381,10
1633733429.622472,11
1633733429.733625,11
1633733429.846582,10
1633733429.958947,11
1633733430.071647,10
1633733430.184513,11
1633733430.296851,11
1633733430.409564,11
1633733430.520910,11
1633733430.632259,11
1633733430.743352,11
1633733430.855757,12
1633733430.967656,12
1633733431.080256,13
1633733431.203576,13
1633733431.316283,14
1633733431.429740,15
1633733431.542758,19
1633733431.655155,18
1633733431.767464,13
1633733431.879751,13
1633733431.992740,8
1633733432.104128,6
1633733432.216217,6
1633733432.328062,6
1633733432.439984,7
1633733432.552178,7
1633733432.664552,7
1633733432.777988,7
1633733432.890638,8
1633733433.002084,8
1633733433.112262,9
1633733433.223429,8
1633733433.334591,8
1633733433.447249,8
1633733433.560195,8
1633733433.672539,9
1633733433.784765,9
1633733433.896516,10
1633733434.006533,10
1633733434.119500,11
1633733434.231973,10
1633733434.343608,10
1633733434.456464,11
1633733434.568217,10
1633733434.680581,10
1633733434.792816,11
1633733434.903848,11
1633733435.015598,18
1633733435.125651,19
1633733435.238271,13
1633733435.350601,13
1633733435.463213,12
1633733435.575062,12
1633733435.687184,12
1633733435.799425,11
1633733435.910772,11
1633733436.023695,12
1633733436.135749,12
1633733436.247952,12
1633733436.357934,13
1633733436.469641,13
1633733436.580816,13
1633733436.694683,13
1633733436.806256,13
1633733436.918321,14
1633733437.030562,14
1633733437.144827,14
1633733437.257930,14
1633733437.371238,14
1633733437.484068,14
1633733437.597321,14
1633733437.710683,14
1633733437.821705,15
1633733437.933768,15
1633733438.045009,15
1633733438.157211,15
1633733438.268424,16
1633733438.380057,17
1633733438.493083,16
1633733438.603137,18
1633733438.729121,16
1633733438.840027,13
1633733438.951481,12
1633733439.063705,11
1633733439.176827,6
1633733439.288777,7
1633733439.399699,8
1633733439.510738,9
1633733439.624524,9
1633733439.736818,9
1633733439.849520,8
1633733439.960403,8
1633733440.072639,8
1633733440.184852,9
1633733440.296893,10
1633733440.407195,11
1633733440.517662,10
1633733440.629253,9
1633733440.742073,9
1633733440.855374,9
1633733440.967585,10
1633733441.080401,10
1633733441.193824,11
1633733441.306888,11
1633733441.416893,11
1633733441.530291,11
1633733441.642706,12
1633733441.755525,11
1633733441.866833,12
1633733441.978280,12
1633733442.089912,11
1633733442.202860,11
1633733442.316164,11
1633733442.428798,11
1633733442.539250,12
1633733442.650646,13
1633733442.760931,14
1633733442.870933,13
1633733442.982255,19
1633733443.094785,17
1633733443.204855,13
1633733443.315381,13
1633733443.427805,7
1633733443.539645,6
1633733443.651235,5
1633733443.764115,6
1633733443.875141,7
1633733443.987701,7
1633733444.099815,7
1633733444.211895,7
1633733444.324779,7
1633733444.437068,8
1633733444.549449,8
1633733444.660295,8
1633733444.771790,8
1633733444.883841,9
1633733444.995690,9
1633733445.105691,9
1633733445.217150,9
1633733445.329355,9
1633733445.439840,9
1633733445.551401,9
1633733445.663269,9
1633733445.776090,10
1633733445.889972,11
1633733446.002412,11
1633733446.113566,11
1633733446.225534,12
1633733446.337113,12
1633733446.448470,17
1633733446.560258,16
1633733446.672299,13
1633733446.785146,13
1633733446.896932,11
1633733447.009010,12
1633733447.118066,12
1633733447.229315,12
1633733447.341821,12
1633733447.453349,13
1633733447.565909,13
1633733447.678246,13
1633733447.790904,13
1633733447.901876,13
1633733448.013839,13
1633733448.126717,12
1633733448.239215,14
1633733448.350690,14
1633733448.463002,14
1633733448.575216,14
1633733448.687186,14
1633733448.799030,14
1633733448.909844,14
1633733449.021419,14
1633733449.133868,14
1633733449.246606,15
1633733449.359386,15
1633733449.471642,16
1633733449.582493,15
1633733449.695049,16
1633733449.807323,16
1633733449.922094,15
1633733450.034452,18
1633733450.145584,17
1633733450.258023,14
1633733450.368475,14
1633733450.479929,12
1633733450.592800,7
1633733450.705889,7
1633733450.817024,8
1633733450.929482,7
1633733451.042347,10
1633733451.153360,9
1633733451.263870,8
1633733451.376075,8
1633733451.486441,9
1633733451.597982,10
1633733451.709117,9
1633733451.821628,9
1633733451.932901,9
1633733452.046381,9
1633733452.157116,9
1633733452.269971,9
1633733452.380826,10
1633733452.492587,10
1633733452.603823,11
1633733452.716759,12
1633733452.830125,11
1633733452.944263,11
1633733453.056206,11
1633733453.168124,11
1633733453.280746,11
1633733453.392691,11
1633733453.504469,11
1633733453.616867,11
1633733453.728695,11
1633733453.840404,12
1633733453.952278,13
1633733454.075942,13
1633733454.187118,14
1633733454.299784,14
1633733454.413413,19
1633733454.525104,18
1633733454.638216,14
1633733454.748787,13
1633733454.861951,8
1633733454.973776,6
1633733455.086865,6
1633733455.198631,6
1633733455.311461,7
1633733455.423844,7
1633733455.536266,7
1633733455.649639,7
1633733455.760087,7
1633733455.871903,9
1633733455.984553,10
1633733456.097188,9
1633733456.209956,8
1633733456.320381,8
1633733456.433025,8
1633733456.546384,9
1633733456.658558,9
1633733456.770448,10
1633733456.883279,10
1633733456.996199,10
1633733457.108945,9
1633733457.221639,10
1633733457.333419,11
1633733457.446477,10
1633733457.557038,10
1633733457.669862,11
1633733457.782501,12
1633733457.895294,18
1633733458.007524,17
1633733458.120288,13
1633733458.231261,13
1633733458.344576,12
1633733458.456557,11
1633733458.571234,11
1633733458.682597,11
1633733458.794667,12
1633733458.907216,12
1633733459.020653,13
1633733459.134622,13
1633733459.246204,13
1633733459.356913,12
1633733459.469356,13
1633733459.581066,13
1633733459.691998,14
1633733459.801530,14
1633733459.910411,14
1633733460.019210,15
1633733460.131187,15
1633733460.240556,14
1633733460.352565,14
1633733460.462146,14
1633733460.571690,15
1633733460.683959,15
1633733460.795506,15
1633733460.906494,15
1633733461.019286,15
1633733461.131755,16
1633733461.244913,17
1633733461.356712,16
1633733461.470154,18
1633733461.580797,17
1633733461.694413,13
1633733461.806287,12
1633733461.917799,11
1633733462.028151,6
1633733462.139778,8
1633733462.251252,9
1633733462.363797,9
1633733462.476758,9
1633733462.588511,9
1633733462.697190,8
1633733462.809914,9
1633733462.921543,8
1633733463.033646,8
1633733463.144232,9
1633733463.256898,10
1633733463.368302,10
1633733463.480239,10
1633733463.591805,9
1633733463.703686,9
1633733463.816772,10
1633733463.927804,11
1633733464.041007,10
1633733464.152579,10
1633733464.264002,10
1633733464.375232,11
1633733464.488251,11
1633733464.599228,12
1633733464.710255,12
1633733464.822262,12
1633733464.934147,12
1633733465.045528,12
1633733465.156870,12
1633733465.268117,11
1633733465.380307,12
1633733465.503345,11
1633733465.615816,13
1633733465.726654,13
1633733465.839631,19
1633733465.952665,18
1633733466.064205,14
1633733466.174756,13
1633733466.288104,8
1633733466.398964,6
1633733466.511171,6
1633733466.624127,5
1633733466.736598,7
1633733466.848805,7
1633733466.959667,6
1633733467.070777,8
1633733467.183785,7
1633733467.292689,8
1633733467.405294,8
1633733467.518636,8
1633733467.631231,8
1633733467.743713,8
1633733467.857064,9
1633733467.968600,9
1633733468.081096,10
1633733468.192154,11
1633733468.304458,9
1633733468.416813,9
1633733468.529228,9
1633733468.641458,10
1633733468.753653,10
1633733468.866029,11
1633733468.978955,11
1633733469.089587,12
1633733469.200370,12
1633733469.312573,18
1633733469.424544,17
1633733469.533731,13
1633733469.645170,13
1633733469.755371,11
1633733469.868952,11
1633733469.981314,12
1633733470.093456,12
1633733470.206322,12
1633733470.316647,14
1633733470.429613,13
1633733470.542637,13
1633733470.655021,13
1633733470.767426,13
1633733470.880155,13
1633733470.994071,13
1633733471.105518,13
1633733471.216898,13
1633733471.329378,14
1633733471.441869,14
1633733471.554462,14
1633733471.667087,14
1633733471.779548,14
1633733471.891008,14
1633733472.003719,14
1633733472.115939,15
1633733472.227558,15
1633733472.339695,16
1633733472.452108,16
1633733472.564072,16
1633733472.676513,16
1633733472.787361,20
1633733472.899851,18
1633733473.012172,16
1633733473.122344,13
1633733473.234897,13
1633733473.347553,13
1633733473.460002,6
1633733473.573856,7
1633733473.685923,8
1633733473.798343,10
1633733473.909510,9
1633733474.022581,9
1633733474.135416,8
1633733474.251006,9
1633733474.363947,9
1633733474.477171,9
1633733474.589548,9
1633733474.701348,9
1633733474.812364,9
1633733474.924891,9
1633733475.036070,9
1633733475.148303,9
1633733475.261470,11
1633733475.375054,11
1633733475.487175,11
1633733475.598576,12
1633733475.710809,11
1633733475.822151,10
1633733475.933490,10
1633733476.045813,11
1633733476.159133,11
1633733476.270619,11
1633733476.382688,12
1633733476.495322,12
1633733476.606368,12
1633733476.717894,12
1633733476.830075,13
1633733476.943002,13
1633733477.054123,14
1633733477.168890,13
1633733477.279835,19
1633733477.392456,17
1633733477.505066,13
1633733477.617825,12
1633733477.730397,7
1633733477.842440,6
1633733477.955066,6
1633733478.066919,6
1633733478.177941,7
1633733478.290623,8
1633733478.403042,8
1633733478.516226,7
1633733478.628300,7
1633733478.739953,9
1633733478.850137,9
1633733478.962538,8
1633733479.074020,8
1633733479.187633,8
1633733479.299796,9
1633733479.411826,9
1633733479.523748,9
1633733479.635554,9
1633733479.748257,10
1633733479.859148,10
1633733479.970869,10
1633733480.083834,11
1633733480.196574,11
1633733480.309404,10
1633733480.421210,10
1633733480.532716,11
1633733480.644834,10
1633733480.755919,18
1633733480.868950,17
1633733480.979457,14
1633733481.091200,14
1633733481.203615,13
1633733481.316170,12
1633733481.427945,12
1633733481.538636,11
1633733481.650303,12
1633733481.762128,12
1633733481.874250,12
1633733481.986771,13
1633733482.097636,13
1633733482.210121,14
1633733482.323136,13
1633733482.436680,13
1633733482.549312,14
1633733482.662633,14
1633733482.773639,14
1633733482.887852,14
1633733483.000585,14
1633733483.112401,14
1633733483.224241,14
1633733483.335447,14
1633733483.448115,14
1633733483.559796,14
1633733483.673381,14
1633733483.786291,15
1633733483.898018,16
1633733484.011103,17
1633733484.121840,17
1633733484.233682,18
1633733484.345047,18
1633733484.456692,16
1633733484.567400,14
1633733484.680526,13
1633733484.793008,9
1633733484.905206,7
1633733485.016858,9
1633733485.128499,7
1633733485.241450,10
1633733485.354976,9
1633733485.468800,8
1633733485.582051,7
1633733485.696199,9
1633733485.808041,8
1633733485.921548,10
1633733486.033371,10
1633733486.146427,10
1633733486.256098,10
1633733486.367468,9
1633733486.479811,9
1633733486.593819,10
1633733486.718220,10
1633733486.831078,12
1633733486.942975,11
1633733487.054335,11
1633733487.166190,11
1633733487.278923,11
1633733487.390075,11
1633733487.501314,12
1633733487.612857,11
1633733487.724075,13
1633733487.836378,11
1633733487.946735,11
1633733488.059789,11
1633733488.172374,12
1633733488.284486,13
1633733488.396737,13
1633733488.507071,14
1633733488.617860,14
1633733488.730826,19
1633733488.843631,19
1633733488.955777,13
1633733489.067845,14
1633733489.180638,14
1633733489.291356,14
1633733489.404427,14
1633733489.517012,14
1633733489.629950,14
1633733489.742103,14
1633733489.853271,14
1633733489.967269,14
1633733490.079905,15
1633733490.192235,15
1633733490.304549,15
1633733490.417854,15
1633733490.530087,16
1633733490.643523,15
1633733490.755127,15
1633733490.866417,15
1633733490.978045,15
1633733491.089862,16
1633733491.201876,16
1633733491.314224,16
1633733491.425205,16
1633733491.537050,17
1633733491.651617,17
1633733491.765517,16
1633733491.877347,16
1633733491.989395,16
1633733492.102611,17
1633733492.214475,18
1633733492.325751,18
1633733492.438794,19
1633733492.551010,17
1633733492.664581,17
1633733492.776613,15
1633733492.888840,11
1633733493.001319,8
1633733493.113375,9
1633733493.225004,9
1633733493.336890,10
1633733493.449791,13
1633733493.560711,13
1633733493.670826,11
1633733493.782165,11
1633733493.893655,11
1633733494.006685,9
1633733494.119495,10
1633733494.231824,10
1633733494.343766,10
1633733494.456878,10
1633733494.569102,11
1633733494.682461,11
1633733494.795256,11
1633733494.905338,12
1633733495.017813,12
1633733495.129050,12
1633733495.238623,11
1633733495.348351,11
1633733495.459452,11
1633733495.570857,12
1633733495.681688,11
1633733495.794363,13
1633733495.905440,13
1633733496.018620,13
1633733496.129209,13
1633733496.240974,13
1633733496.353173,13
1633733496.464513,13
1633733496.577206,12
1633733496.688108,13
1633733496.799948,15
1633733496.910558,15
1633733497.023814,14
1633733497.136296,18
1633733497.249177,16
1633733497.360393,12
1633733497.471139,12
1633733497.583286,8
1633733497.696235,5
1633733497.807637,7
1633733497.920217,8
1633733498.030477,7
1633733498.142563,7
1633733498.254032,7
1633733498.366895,8
1633733498.479217,8
1633733498.592301,8
1633733498.703789,8
1633733498.817029,9
1633733498.928904,9
1633733499.040650,9
1633733499.152753,10
1633733499.264465,10
1633733499.375569,9
1633733499.487262,9
1633733499.598894,9
1633733499.711012,10
1633733499.822603,10
1633733499.934466,10
1633733500.046534,11
1633733500.159088,11
1633733500.272479,11
1633733500.384326,11
1633733500.497910,11
1633733500.610033,12
1633733500.722547,11
1633733500.836173,11
1633733500.945776,11
1633733501.058448,12
1633733501.169698,13
1633733501.282452,19
1633733501.394659,19
1633733501.506413,16
1633733501.617416,13
1633733501.728880,12
1633733501.841687,5
1633733501.952864,6
1633733502.063999,6
1633733502.176789,6
1633733502.288282,7
1633733502.400355,7
1633733502.511801,7
1633733502.624551,7
1633733502.736177,8
1633733502.849269,8
1633733502.961383,8
1633733503.074084,8
1633733503.186118,8
1633733503.298324,9
1633733503.410246,10
1633733503.523250,10
1633733503.637503,9
1633733503.751073,9
1633733503.865463,9
1633733503.976754,9
1633733504.087747,10
1633733504.200114,11
1633733504.312983,11
1633733504.425140,11
1633733504.542723,11
1633733504.654594,12
1633733504.766475,18
1633733504.877841,18
1633733504.991357,12
1633733505.102880,13
1633733505.214617,11
1633733505.327724,12
1633733505.439433,13
1633733505.552012,12
1633733505.663038,12
1633733505.774679,13
1633733505.886711,13
1633733505.998000,13
1633733506.109074,13
1633733506.222116,13
1633733506.335325,13
1633733506.446809,13
1633733506.558764,13
1633733506.671725,15
1633733506.782763,14
1633733506.896064,14
1633733507.007510,14
1633733507.120769,14
1633733507.233928,14
1633733507.344288,14
1633733507.454082,14
1633733507.569139,14
1633733507.677615,15
1633733507.791188,17
1633733507.901975,16
1633733508.016806,15
1633733508.128718,16
1633733508.239866,16
1633733508.350500,18
1633733508.459281,18
1633733508.569970,14
1633733508.679786,14
1633733508.788177,12
1633733508.899321,6
1633733509.013731,7
1633733509.126590,8
1633733509.238316,9
1633733509.349393,9
1633733509.461348,9
1633733509.572101,10
1633733509.683156,8
1633733509.795930,9
1633733509.905538,10
1633733510.019808,9
1633733510.131547,10
1633733510.243800,9
1633733510.354000,9
1633733510.466471,9
1633733510.585940,9
1633733510.703540,11
1633733510.814662,11
1633733510.924074,11
1633733511.037122,11
1633733511.146326,11
1633733511.255390,11
1633733511.364142,10
1633733511.510001,11
1633733511.627009,12
1633733511.740844,12
1633733511.854433,12
1633733511.963768,12
1633733512.074765,12
1633733512.184321,12
1633733512.293897,13
1633733512.402350,13
1633733512.511443,13
1633733512.623108,14
1633733512.733154,13
1633733512.843487,19
1633733512.953044,17
1633733513.063594,13
1633733513.173449,14
1633733513.287604,7
1633733513.399533,6
1633733513.508158,6
1633733513.620906,6
1633733513.732099,7
1633733513.842513,7
1633733513.953431,7
1633733514.063758,7
1633733514.175273,8
1633733514.284575,8
1633733514.393528,9
1633733514.515113,8
1633733514.627596,8
1633733514.742560,8
1633733514.857071,8
1633733514.970213,9
1633733515.088290,10
1633733515.200546,10
1633733515.311156,10
1633733515.421638,10
1633733515.532337,10
1633733515.644256,10
1633733515.753860,10
1633733515.864279,11
1633733515.977251,10
1633733516.087435,11
1633733516.197960,11
1633733516.307708,18
1633733516.417705,17
1633733516.528075,13
1633733516.639740,12
1633733516.749008,12
1633733516.859479,12
1633733516.969018,12
1633733517.078933,11
1633733517.191937,11
1633733517.303105,13
1633733517.416128,14
1633733517.527701,12
1633733517.640457,12
1633733517.749924,13
1633733517.860399,13
1633733517.972039,13
1633733518.081242,13
1633733518.190089,14
1633733518.299422,14
1633733518.409234,14
1633733518.519266,14
1633733518.627793,14
1633733518.738885,14
1633733518.849096,13
1633733518.958544,15
1633733519.067583,15
1633733519.177714,15
1633733519.287185,15
1633733519.395998,15
1633733519.506214,16
1633733519.616866,16
1633733519.725820,16
1633733519.836808,18
1633733519.946029,18
1633733520.056811,14
1633733520.166275,15
1633733520.276192,14
1633733520.386290,6
1633733520.495602,8
1633733520.604747,8
1633733520.713843,7
1633733520.823817,10
1633733520.934762,10
1633733521.044046,8
1633733521.152886,8
1633733521.262472,8
1633733521.372262,8
1633733521.483171,10
1633733521.593295,10
1633733521.703645,10
1633733521.815178,10
1633733521.924819,9
1633733522.034254,9
1633733522.145907,10
1633733522.255308,10
1633733522.367824,10
1633733522.477819,10
1633733522.591103,12
1633733522.701210,11
1633733522.810383,11
1633733522.920108,12
1633733523.028918,12
1633733523.137499,12
1633733523.247203,12
1633733523.356835,12
1633733523.465844,12
1633733523.574086,12
1633733523.683958,12
1633733523.793867,12
1633733523.903475,14
1633733524.012091,14
1633733524.121258,20
1633733524.229682,20
1633733524.339034,17
1633733524.448565,14
1633733524.557642,13
1633733524.666914,6
1633733524.776836,7
1633733524.886767,6
1633733524.994881,6
1633733525.105046,7
1633733525.214662,7
1633733525.323291,7
1633733525.432936,7
1633733525.542286,8
1633733525.652541,9
1633733525.761799,9
1633733525.870818,9
1633733525.980855,8
1633733526.090033,9
1633733526.198831,8
1633733526.308303,9
1633733526.418026,9
1633733526.527206,9
1633733526.635574,9
1633733526.745011,9
1633733526.856131,9
1633733526.965441,10
1633733527.074453,11
1633733527.185758,11
1633733527.295783,11
1633733527.405326,11
1633733527.515904,12
1633733527.625690,18
1633733527.736266,18
1633733527.845650,12
1633733527.955463,14
1633733528.064530,11
1633733528.174880,11
1633733528.285396,11
1633733528.395380,11
1633733528.504663,13
1633733528.614500,13
1633733528.724504,13
1633733528.833525,13
1633733528.943502,13
1633733529.052150,13
1633733529.161932,13
1633733529.270436,13
1633733529.379545,14
1633733529.487705,14
1633733529.597578,14
1633733529.706268,15
1633733529.817036,14
1633733529.927642,14
1633733530.036527,14
1633733530.146191,14
1633733530.255776,15
1633733530.364988,14
1633733530.474788,15
1633733530.584529,15
1633733530.694076,15
1633733530.803504,15
1633733530.912599,16
1633733531.023244,16
1633733531.133161,20
1633733531.243210,18
1633733531.353001,17
1633733531.462374,14
1633733531.571906,13
1633733531.680946,10
1633733531.789798,7
1633733531.898727,7
1633733532.008384,9
1633733532.117409,9
1633733532.227924,9
1633733532.337609,9
1633733532.447665,9
1633733532.555877,8
1633733532.665601,9
1633733532.775824,9
1633733532.885837,9
1633733532.995118,10
1633733533.104198,9
1633733533.214832,9
1633733533.324229,9
1633733533.434137,10
1633733533.544809,10
1633733533.654210,10
1633733533.765046,10
1633733533.874402,11
1633733533.983838,11
1633733534.093488,11
1633733534.202551,11
1633733534.312095,13
1633733534.422765,12
1633733534.532398,12
1633733534.642004,12
1633733534.751791,11
1633733534.860553,13
1633733534.969600,11
1633733535.079818,12
1633733535.189635,12
1633733535.298845,14
1633733535.407018,13
1633733535.516093,18
1633733535.627135,19
1633733535.735675,17
1633733535.847104,15
1633733535.957732,14
1633733536.070982,14
1633733536.183703,14
1633733536.295298,14
1633733536.406441,15
1633733536.520891,14
1633733536.633969,15
1633733536.744546,14
1633733536.856938,14
1633733536.969046,14
1633733537.080194,15
1633733537.192788,15
1633733537.306512,15
1633733537.419611,16
1633733537.533398,15
1633733537.644476,15
1633733537.757185,16
1633733537.870492,15
1633733537.983303,15
1633733538.096920,16
1633733538.209278,16
1633733538.320221,16
1633733538.430625,16
1633733538.543641,16
1633733538.655943,16
1633733538.768678,17
1633733538.880804,17
1633733538.993378,17
1633733539.104940,17
1633733539.216786,17
1633733539.328471,17
1633733539.441783,17
1633733539.552944,17
1633733539.666717,19
1633733539.777143,20
1633733539.886994,20
1633733539.997854,19
1633733540.109141,19
1633733540.223651,16
1633733540.334112,16
1633733540.446539,16
1633733540.557081,7
1633733540.669655,7
1633733540.780440,10
1633733540.892156,11
1633733541.003468,11
1633733541.114361,13
1633733541.226674,11
1633733541.339374,11
1633733541.450449,9
1633733541.561708,9
1633733541.673346,9
1633733541.785327,10
1633733541.895826,10
1633733542.006371,11
1633733542.117654,11
1633733542.228975,11
1633733542.340721,11
1633733542.452477,11
1633733542.564020,11
1633733542.676981,11
1633733542.789777,11
1633733542.900436,11
1633733543.012065,11
1633733543.124367,11
1633733543.237418,11
1633733543.349294,13
1633733543.461233,13
1633733543.572799,13
1633733543.683553,13
1633733543.795501,12
1633733543.907766,13
1633733544.019275,13
1633733544.131123,13
1633733544.244721,15
1633733544.353497,15
1633733544.462719,15
1633733544.575118,20
1633733544.686750,18
1633733544.799004,13
1633733544.908794,13
1633733545.020676,10
1633733545.131023,7
1633733545.244067,6
1633733545.355480,8
1633733545.467401,8
1633733545.580656,7
1633733545.693274,7
1633733545.807572,7
1633733545.920037,8
1633733546.030795,8
1633733546.144494,7
1633733546.255838,8
1633733546.367186,8
1633733546.478904,9
1633733546.592264,10
1633733546.704222,10
1633733546.817201,10
1633733546.930115,9
1633733547.042753,9
1633733547.154496,10
1633733547.264749,10
1633733547.375992,10
1633733547.489381,10
1633733547.601541,11
1633733547.713671,11
1633733547.824737,11
1633733547.937448,12
1633733548.047362,12
1633733548.160325,12
1633733548.272505,11
1633733548.383768,12
1633733548.496147,12
1633733548.608879,12
1633733548.720317,18
1633733548.832658,19
1633733548.945457,15
1633733549.057445,14
1633733549.170657,11
1633733549.281106,6
1633733549.390153,7
1633733549.502719,6
1633733549.614657,6
1633733549.724739,7
1633733549.834306,7
1633733549.943591,7
1633733550.052667,7
1633733550.161719,9
1633733550.269589,8
1633733550.377691,9
1633733550.487990,10
1633733550.597330,8
1633733550.707997,8
1633733550.819561,8
1633733550.928774,9
1633733551.036702,9
1633733551.146619,9
1633733551.255072,9
1633733551.364212,9
1633733551.473089,10
1633733551.581521,11
1633733551.690636,11
1633733551.799391,11
1633733551.908793,11
1633733552.016815,12
1633733552.126739,11
1633733552.236171,17
1633733552.344758,17
1633733552.453048,13
1633733552.564259,11
1633733552.676552,11
1633733552.785417,11
1633733552.894412,11
1633733553.004541,11
1633733553.113238,13
1633733553.222117,13
1633733553.331226,13
1633733553.440321,13
1633733553.548354,13
1633733553.656737,13
1633733553.765611,13
1633733553.875057,13
1633733553.984097,13
1633733554.094329,14
1633733554.203834,15
1633733554.312566,14
1633733554.421508,14
1633733554.529504,15
1633733554.640068,13
1633733554.749614,14
1633733554.857438,14
1633733554.966502,14
1633733555.075498,16
1633733555.184663,15
1633733555.294356,15
1633733555.403595,15
1633733555.512404,16
1633733555.622321,16
1633733555.731265,18
1633733555.839961,19
1633733555.948749,14
1633733556.057586,15
1633733556.167564,14
1633733556.276125,7
1633733556.384870,7
1633733556.493810,8
1633733556.603519,9
1633733556.712696,9
1633733556.823663,9
1633733556.932028,9
1633733557.043950,8
1633733557.152220,8
1633733557.262125,8
1633733557.371471,10
1633733557.481026,10
1633733557.590549,11
1633733557.699805,10
1633733557.809553,9
1633733557.918836,9
1633733558.028334,10
1633733558.137630,10
1633733558.249068,10
1633733558.357146,10
1633733558.466251,10
1633733558.576299,10
1633733558.684757,11
1633733558.792652,12
1633733558.901698,12
1633733559.013022,12
1633733559.123712,12
1633733559.232495,12
1633733559.340701,12
1633733559.451032,12
1633733559.560245,11
1633733559.667961,13
1633733559.776279,12
1633733559.884374,13
1633733559.994608,14
1633733560.104648,14
1633733560.213344,18
1633733560.321819,18
1633733560.430756,14
1633733560.539860,14
1633733560.650105,9
1633733560.758327,6
1633733560.868448,6
1633733560.980202,6
1633733561.091737,7
1633733561.203624,8
1633733561.314000,7
1633733561.424824,7
1633733561.538197,7
1633733561.649795,9
1633733561.761156,9
1633733561.872797,8
1633733561.985140,8
1633733562.097086,8
1633733562.208412,8
1633733562.321775,9
1633733562.432252,9
1633733562.542769,9
1633733562.655714,10
1633733562.767557,10
1633733562.879478,10
1633733562.992883,10
1633733563.103388,11
1633733563.216497,10
1633733563.330291,10
1633733563.440614,11
1633733563.554632,11
1633733563.667882,18
1633733563.779836,17
1633733563.892471,14
1633733564.005097,15
1633733564.117363,12
1633733564.228654,12
1633733564.339681,12
1633733564.451785,12
1633733564.563168,11
1633733564.674373,13
1633733564.786727,12
1633733564.896994,13
1633733565.007595,12
1633733565.118608,13
1633733565.231106,13
1633733565.343899,13
1633733565.455897,13
1633733565.568522,14
1633733565.681775,14
1633733565.793392,14
1633733565.904947,14
1633733566.018359,13
1633733566.131249,15
1633733566.243281,14
1633733566.355821,14
1633733566.467518,15
1633733566.581090,15
1633733566.693157,15
1633733566.804639,15
1633733566.916460,17
1633733567.028613,16
1633733567.140693,20
1633733567.251920,19
1633733567.363037,17
1633733567.474506,15
1633733567.585376,12
1633733567.697594,10
1633733567.807933,7
1633733567.917405,7
1633733568.030062,8
1633733568.142152,10
1633733568.255230,10
1633733568.366285,10
1633733568.478335,9
1633733568.589352,8
1633733568.702102,8
1633733568.812995,9
1633733568.922980,9
1633733569.035077,9
1633733569.146768,9
1633733569.258655,10
1633733569.370135,10
1633733569.481976,10
1633733569.592594,11
1633733569.706338,11
1633733569.817168,10
1633733569.930059,10
1633733570.040941,10
1633733570.154415,10
1633733570.267346,11
1633733570.379780,12
1633733570.492263,13
1633733570.604883,12
1633733570.717124,12
1633733570.829699,12
1633733570.940673,12
1633733571.051636,12
1633733571.164708,13
1633733571.274989,13
1633733571.386538,13
1633733571.499504,12
1633733571.610364,19
1633733571.721410,17
1633733571.832060,14
1633733571.944984,13
1633733572.056931,7
1633733572.169245,6
1633733572.281484,6
1633733572.393095,6
1633733572.505351,7
1633733572.618560,7
1633733572.730411,7
1633733572.843242,7
1633733572.955513,7
1633733573.065854,8
1633733573.178971,8
1633733573.290255,8
1633733573.403168,8
1633733573.514881,8
1633733573.627359,9
1633733573.740066,10
1633733573.851510,10
1633733573.963325,10
1633733574.073673,10
1633733574.186139,9
1633733574.299497,9
1633733574.412313,10
1633733574.524113,10
1633733574.634966,10
1633733574.746915,11
1633733574.858046,12
1633733574.970316,12
1633733575.080462,19
1633733575.193354,17
1633733575.305693,13
1633733575.417107,13
1633733575.530122,12
1633733575.643283,11
1633733575.754951,11
1633733575.865260,11
1633733575.979425,13
1633733576.090351,13
1633733576.205481,13
1633733576.319980,13
1633733576.433037,13
1633733576.544715,13
1633733576.659184,13
1633733576.771630,13
1633733576.882273,13
1633733576.992819,15
1633733577.104389,15
1633733577.213294,14
1633733577.323857,14
1633733577.433800,14
1633733577.546923,14
1633733577.662352,14
1633733577.774846,14
1633733577.888964,15
1633733577.999679,15
1633733578.110969,16
1633733578.223210,16
1633733578.333471,16
1633733578.442812,16
1633733578.552639,20
1633733578.665517,18
1633733578.780431,16
1633733578.891271,13
1633733579.002359,12
1633733579.115677,10
1633733579.227434,8
1633733579.337912,9
1633733579.449721,7
1633733579.563089,9
1633733579.674132,9
1633733579.784756,9
1633733579.894003,8
1633733580.006235,9
1633733580.118670,8
1633733580.228018,9
1633733580.336292,10
1633733580.446577,10
1633733580.555130,10
1633733580.664936,9
1633733580.774287,9
1633733580.884201,9
1633733580.993047,10
1633733581.103010,10
1633733581.212352,10
1633733581.322192,11
1633733581.431265,11
1633733581.541232,11
1633733581.653470,11
1633733581.764215,12
1633733581.874545,12
1633733581.983177,12
1633733582.092264,12
1633733582.202206,12
1633733582.311904,11
1633733582.419823,12
1633733582.529326,12
1633733582.638552,12
1633733582.747888,14
1633733582.856548,13
1633733582.966013,18
1633733583.074344,19
1633733583.185320,13
1633733583.297667,13
1633733583.411239,9
1633733583.523269,6
1633733583.637420,6
1633733583.746858,6
1633733583.857387,7
1633733583.969557,7
1633733584.081665,8
1633733584.193388,7
1633733584.306966,7
1633733584.419720,8
1633733584.533181,8
1633733584.645097,8
1633733584.757839,8
1633733584.870021,7
1633733584.982618,9
1633733585.095222,10
1633733585.207934,10
1633733585.320700,10
1633733585.432731,10
1633733585.544574,9
1633733585.657602,9
1633733585.770250,10
1633733585.883153,10
1633733585.995076,10
1633733586.108100,11
1633733586.220857,12
1633733586.333830,12
1633733586.445601,18
1633733586.556322,19
1633733586.669651,13
1633733586.783620,13
1633733586.896121,11
1633733587.007948,11
1633733587.120758,13
1633733587.233937,11
1633733587.346852,12
1633733587.459608,13
1633733587.573821,14
1633733587.687131,14
1633733587.799024,13
1633733587.909538,13
1633733588.023073,13
1633733588.135655,13
1633733588.248401,12
1633733588.361346,14
1633733588.472435,14
1633733588.584647,14
1633733588.697544,14
1633733588.809541,14
1633733588.921079,14
1633733589.031896,14
1633733589.141403,14
1633733589.253277,15
1633733589.366082,15
1633733589.478480,15
1633733589.590304,15
1633733589.703423,16
1633733589.814493,16
1633733589.926202,15
1633733590.037088,18
1633733590.149768,18
1633733590.262922,13
1633733590.374700,14
1633733590.486539,12
1633733590.599198,7
1633733590.712031,7
1633733590.825864,8
1633733590.938251,7
1633733591.050483,10
1633733591.163172,9
1633733591.279381,8
1633733591.391125,8
1633733591.502754,9
1633733591.614306,9
1633733591.726781,9
1633733591.837881,10
1633733591.949379,9
1633733592.061498,9
1633733592.172607,9
1633733592.283985,9
1633733592.396044,10
1633733592.507144,11
1633733592.618389,11
1633733592.730433,11
1633733592.842672,11
1633733592.954048,11
1633733593.065812,10
1633733593.177552,11
1633733593.287911,11
1633733593.399858,11
1633733593.511604,11
1633733593.622400,11
1633733593.735276,12
1633733593.847252,12
1633733593.957518,13
1633733594.067412,13
1633733594.179605,14
1633733594.291937,14
1633733594.405526,19
1633733594.515577,19
1633733594.629362,13
1633733594.742514,13
1633733594.854351,9
1633733594.966513,6
1633733595.077185,6
1633733595.190427,6
1633733595.303123,7
1633733595.413381,7
1633733595.525141,7
1633733595.638210,7
1633733595.750743,7
1633733595.862301,8
1633733595.973069,8
1633733596.084093,9
1633733596.196927,9
1633733596.308024,8
1633733596.417787,8
1633733596.529189,9
1633733596.641364,9
1633733596.752792,10
1633733596.864319,9
1633733596.976121,9
1633733597.087299,10
1633733597.199914,11
1633733597.313767,11
1633733597.435763,10
1633733597.546554,12
